13569901.6381438 3713363.80429611
13569384.9753995 3708817.36373705
13568861.9512695 3704167.54937472
13568857.6746975 3704072.13984092
13568937.7534196 3703751.8553315
13568985.2767678 3703107.67361781
13568797.6423893 3702297.75906844
13568829.0216951 3701380.59406946
13568643.0444966 3700440.10745177
13568394.2017529 3699345.94311243
13568077.4150579 3698404.23394347
13567848.1376164 3697486.17036079
13567700.2218542 3697022.68199592
13567917.3645472 3688598.82263298
13568010.3264186 3680961.60031899
13568028.0741741 3679312.07875973
13568032.8853023 3678837.44733087
13568052.0229484 3678113.76682799
13568054.1612289 3677900.1324369
13568056.940999 3677627.22664434
13568064.6922753 3677333.98487181
13567956.8693298 3676912.37998186
13568012.037043 3676495.67132318
13568018.0242394 3675973.58502373
13568265.2632588 3652878.11429522
13568465.7807977 3634013.47084982
13568447.0708188 3633726.25484609
13568408.9024601 3633537.58780376
13568351.1153436 3633378.86024679
13568206.7812081 3633377.42578342
13568532.8694369 3632767.29479106
13568883.4944742 3631897.70897026
13569066.9591918 3631460.38224721
13569218.1358359 3631125.70959594
13569337.0243953 3630797.90502721
13569442.33486 3630521.36368638
13569562.1321871 3630225.06289127
13569640.2864513 3629977.65216379
13569732.8206666 3629671.76255962
13569750.6753334 3629579.42354518
13569795.6862006 3629466.26086991
13569867.8532684 3629231.64644367
13569893.3523002 3629124.16048121
13569939.2184796 3628940.73820488
13569965.5728236 3628871.97113048
13570004.6499501 3628757.63037104
13570082.7507586 3628441.11018884
13570141.3931761 3628194.60785961
13570233.0720794 3627796.24950953
13570312.0816557 3627410.68323406
13570397.8268293 3626942.0353059
13570472.6132892 3626372.61263814
13570504.9013739 3626220.77100996
13570519.3347808 3626005.54055737
13570543.1231882 3625320.97920451
13570549.9122411 3624472.35757559
13570539.7019284 3624124.66135629
13570505.7566861 3623636.25778898
13570482.8235908 3623268.51885199
13570453.0479981 3622965.10036827
13570417.3921203 3622654.64782247
13570387.6699833 3622387.44797737
13570308.660407 3621925.65698369
13570248.4142652 3621557.53256261
13570174.536573 3621227.98697572
13570125.2491449 3621012.22003498
13570008.9265221 3620479.76590883
13569854.3286182 3619947.02310538
13569855.1839415 3619845.2245352
13569957.9819141 3619681.31441578
13569997.005585 3619611.53956555
13569972.4153321 3619523.44938798
13569822.8958567 3619148.73044935
13569623.2870967 3618717.39715529
13569205.4130423 3617872.09213749
13569043.2777068 3617517.16836633
13568749.3706403 3616983.12002496
13568567.6165469 3616754.34706627
13568134.4537734 3616231.79135456
13567895.8213314 3615952.2112809
13567688.5682063 3615729.06242325
13567637.6236094 3615678.24259971
13567460.146077 3615702.15778033
13567276.6279037 3615733.11058608
13567179.8171163 3615788.22793926
13567134.8062491 3615736.28683703
13567004.9055315 3615648.47323658
13566928.4618917 3615595.03803246
13566778.140571 3615489.47614399
13566570.0321225 3615379.74256397
13566517.3769013 3615414.30666786
13566379.778352 3615397.67852095
13566290.6119297 3615491.4690545
13566189.5245814 3615529.08510086
13566167.1260646 3615468.79983142
13566144.5137141 3615408.1411723
13565971.2592981 3615343.18568209
13565720.7059301 3615216.63865013
13565423.4845261 3614946.92090627
13565188.2198883 3614819.3815125
13564856.9463307 3614817.13961751
13564715.9799883 3614752.56086421
13564575.0136458 3614642.27331239
13564324.4602889 3614466.6621849
13564135.9171427 3614434.28026973
13563962.6092599 3614432.41208389
13563902.2027512 3614449.72394921
13563852.2203778 3614464.10899706
13563758.8308502 3614336.76138034
13563712.055903 3614274.30235197
13563554.9455182 3614177.90560039
13563098.9031162 3614175.53928136
13562388.8860863 3614311.91472909
13561943.8023869 3614397.29025793
13561627.871004 3614403.33069732
13561224.4303675 3614463.42399996
13560947.5761112 3614532.98312375
13560615.500686 3614538.83681407
13560330.94862 3614512.37066031
13560062.5940409 3614439.32437549
13559724.5848861 3614318.76467018
13559512.2533324 3614191.35627199
13559213.2678485 3613975.2755862
13559040.8687446 3613831.92961707
13558961.9126239 3613800.67020391
13558875.2586936 3613814.92996491
13558747.8704459 3613884.92135305
13558652.7168383 3613916.61687075
13558470.962745 3613946.25755032
13558289.2086517 3613985.17660777
13557996.2638086 3614021.7917793
13557814.4562597 3614059.59020046
13557604.6906536 3614132.13608474
13557498.5248768 3614033.8723092
13557277.6401902 3613953.10729
13557065.3621033 3613880.62471844
13556505.6664053 3613742.38591803
13555985.0478339 3613659.44338571
13555645.2745879 3613601.90699122
13555400.7084163 3613584.03589119
13555331.0538406 3613497.8564684
13555142.5106943 3613399.90903401
13555032.1218122 3613385.77429358
13554895.378575 3613612.3681317
13554816.3690098 3613611.43410048
13554621.8921229 3613615.17022578
13554491.8844941 3613617.22508999
13553899.0988549 3613628.12213898
13553275.6823108 3613638.70783582
13552121.4903492 3613660.75103708
13551149.8543376 3613669.53095777
13551023.3214131 3613628.37120739
13550968.1002443 3613596.17827578
13550922.2340648 3613454.14429268
13550923.9446892 3613344.24187519
13550835.6335791 3613277.74047936
13550790.6227118 3613216.40757889
13550726.9018657 3613240.25577305
13550694.6137921 3613366.22227581
13550653.0241736 3613523.57323828
13550613.1451905 3613609.69058523
13550549.4243444 3613633.47725341
13550170.6274276 3613638.52103436
13549553.9999253 3613625.56911033
13548527.1962004 3613600.7861599
13547745.8139704 3613587.02479254
13547042.5859935 3613581.10927039
13546378.435143 3613575.62963188
13545912.984296 3613579.49029311
13545636.1300396 3613552.83936781
13545163.088283 3613494.61852274
13544413.1388034 3613401.40346895
13543987.5669393 3613349.59686738
13543710.7126941 3613300.65477027
13543331.9157773 3613272.6968447
13543089.8620865 3613223.00785633
13542897.9511472 3613214.85091411
13542838.506862 3613208.312906
13542712.8292497 3613192.68397326
13542343.3338667 3613149.6578077
13541367.4747498 3613034.90133481
13541249.388047 3613022.94630333
13540775.4909671 3612975.0640025
13540707.5470157 3612968.33932903
13540428.0733672 3612936.89528234
13539826.8415063 3612904.95320727
13539449.7017583 3612839.45039632
13539044.5504975 3612811.05765332
13538634.3742749 3612782.60271226
13538443.2651921 3612715.85525594
13538092.5332436 3612710.31374905
13537804.6133735 3612644.81196301
13537602.4386658 3612608.38764379
13537030.0201853 3612472.52897671
13536074.528216 3612245.39553359
13535468.1110264 3612146.52405228
13535201.4136161 3612074.17652577
13534302.8534511 3611831.23635803
13534165.2549017 3611807.26634887
13533214.8948166 3611564.70493323
13533090.0725165 3611578.27729311
13532649.2653779 3611462.72596958
13532584.6892196 3611446.66342336
13532334.9911749 3611385.0282571
13531989.3376439 3611317.41670768
13531261.4659584 3611175.84453542
13530779.0692013 3611036.26617057
13530283.0943495 3610921.03114772
13529857.575941 3610830.13879059
13529668.124027 3610789.05068584
13529384.4807289 3610698.84409541
13528943.7270459 3610584.29699333
13528471.4871348 3610477.53256728
13528037.5225047 3610401.58408402
13527698.5511265 3610374.8777143
13527461.6293088 3610341.32364667
13527011.4671807 3610336.46796705
13526895.144569 3610346.6150959
13526758.4013318 3610381.10296646
13526710.8245281 3610420.19763889
13526552.8588422 3610347.92239913
13525925.2191817 3610041.33313312
13525437.7440072 3609747.20128577
13525272.9358128 3609624.57059932
13524699.7689202 3609312.33463785
13523469.0798744 3608652.65613322
13521902.092287 3607919.3198889
13520769.9781085 3607377.77922769
13519360.1543616 3606667.42013047
13519287.5596377 3606637.29890998
13519213.2008227 3606811.43043052
13519142.6909237 3606778.8817158
13518745.184028 3606553.65690383
13518483.6185018 3606384.00973818
13517747.2471391 3605888.64824835
13517114.5825168 3605559.51756639
13516682.2215999 3605344.27117389
13516412.1563964 3605196.6686811
13516150.5374146 3604956.84947922
13515919.5493377 3604684.80277368
13515776.0170587 3604239.90843423
13515501.6752944 3603881.95114333
13515285.9759476 3603565.69045821
13514825.6569736 3603265.86307946
13514394.2048244 3602936.0550637
13513660.3459426 3602161.37341053
13513242.5253438 3601587.60994669
13512997.9591722 3601043.17184587
13512969.0388917 3600670.12850588
13512767.7729629 3600326.08258888
13512422.9212995 3600154.094295
13511919.3020826 3599638.57900691
13511473.4165155 3599007.21376737
13511056.3977843 3598391.49082889
13510667.3905659 3597889.35705883
13510049.105906 3597458.69735281
13509517.4751764 3597015.3044128
13508884.7036317 3596284.33119484
13508597.6390848 3596068.68517366
13508209.5406342 3595639.08312901
13507936.0541709 3595252.02491329
13507490.1686149 3594750.26608092
13507385.3927287 3594633.06757927
13506793.0347456 3594912.29405816
13506662.8667388 3594776.56595332
13506744.7629965 3594226.26982593
13506288.2394716 3593674.50589337
13505580.3607333 3593618.30504099
13505572.8767462 3593666.8590724
13505411.864001 3593644.4781956
13505362.4161949 3593540.09677918
13504325.6694464 3593536.18015255
13503558.1326004 3593876.24660655
13501948.4328042 3593668.84849626
13500418.1167847 3593371.43465421
13499693.1317695 3593218.19220206
13499433.6510682 3593011.17800021
13499230.5675927 3592816.22722644
13499198.3329747 3593046.92345328
13499133.7033608 3593509.38554502
13499024.2232465 3593687.43709081
13498973.2251829 3593770.74420403
13499115.0468376 3594028.62673483
13499125.2571392 3594192.19964234
13499142.2030381 3594273.08540781
13499071.7465947 3594430.75507613
13498957.0811406 3594618.14582755
13498918.8593262 3594916.39762438
13498584.2179645 3595903.71972019
13498603.7832555 3596110.71968729
13498762.550798 3596300.00111739
13498973.1717273 3596488.97450938
13499109.1130968 3596627.70605112
13499223.7785509 3596810.46590865
13499330.7461732 3596956.9742216
13499339.2993061 3597023.63731026
13499348.6008399 3597126.5553751
13499290.8671901 3597172.38684666
13499122.6911915 3597280.71641418
13498998.6707591 3597372.19407392
13498971.5145586 3597468.70964361
13498973.1717273 3597565.66126772
13499001.2366956 3597817.15444624
13498771.9057874 3598171.01965176
13498220.6563111 3599028.98230431
13497439.3275368 3599847.19592001
13497156.486084 3600113.78778832
13496506.7686516 3600550.88389944
13495862.1296477 3600816.4333155
13495541.1198363 3601023.88802329
13495192.0450677 3601283.53783893
13494950.8466891 3601422.26048982
13494877.8243092 3601490.00497448
13494805.6037858 3601558.93180783
13494785.1831714 3601655.54196431
13494684.9511353 3602185.51149385
13494574.5087976 3602558.84901426
13494441.1868202 3602903.7031229
13494379.1765984 3603119.96504385
13494228.9087333 3603389.79998691
13493846.6905566 3603881.39116499
13493667.502411 3604151.98924105
13493546.9032161 3604384.88625285
13493470.4595875 3604653.62854197
13493323.5595154 3605066.11785999
13493245.4052513 3605208.49174966
13493157.9494533 3605255.03742031
13493090.0589575 3605269.7229858
13493056.862105 3605276.94131786
13492388.3812381 3605233.32023664
13491810.884329 3605185.40566067
13491402.365264 3605098.22651624
13491260.5436205 3605063.19322798
13491175.6003035 3604886.5349155
13491068.6326812 3604673.22909127
13491067.7239023 3604279.48161044
13491134.0106961 3603884.43994349
13490868.1685979 3603897.63061207
13490553.9478505 3604074.83490741
13490363.6406132 3604175.69562712
13490172.5315304 3604239.22399947
13489950.0431419 3604228.58405836
13489696.1219696 3604063.13735287
13489471.0141778 3603926.31414386
13489089.7047801 3603710.90930492
13488829.7964226 3603649.37462785
13488674.3966733 3603623.49159268
13488556.3634261 3603633.19772133
13488445.9210884 3603664.12053167
13488197.0783447 3603817.74018033
13487940.5377915 3603919.84322978
13487651.8160648 3603881.20450986
13487353.685893 3603790.98570572
13487063.2535419 3603677.49761917
13486937.522474 3603673.08007095
13486827.9354374 3603719.18445868
13486754.9130574 3603795.15442394
13486794.8455072 3603920.83875281
13486796.502676 3604002.59647942
13486834.7779459 3604083.8569613
13486784.6352056 3604181.17113012
13485434.2557328 3604668.12673181
13485346.1584562 3604677.64700695
13485087.7469007 3604705.58563814
13484653.5149814 3604647.28169466
13484650.3610108 3604646.84612632
13484439.6866369 3604465.77588655
13484334.3227167 3604356.51276944
13484034.5888318 3604176.19339884
13483796.7582463 3604084.54138753
13483655.791915 3604064.6928739
13483552.1920746 3604089.76795986
13483376.3717221 3604152.23813292
13483216.6954007 3604296.77936267
13483037.4537883 3604597.56489637
13483035.743164 3604916.465233
13483034.9413074 3605221.43491945
13483000.9425983 3605392.62194218
13482987.3645036 3605467.23309186
13483033.2306831 3605533.443858
13483139.3964599 3605664.99525089
13483192.9070044 3605760.51711095
13483209.8528922 3605849.63002832
13483186.1179515 3606162.40149483
13483080.8074868 3606832.52802118
13482999.231974 3607198.16295797
13483015.3760163 3607650.75609355
13483038.3091005 3608067.20360381
13483113.0421159 3608489.20466676
13483231.9306753 3608909.66391909
13483372.0951501 3609286.06634854
13483465.4846888 3609507.41895278
13483722.025242 3609785.23572744
13483868.0700019 3610071.77384862
13483983.5907682 3610307.52066757
13484054.9025238 3610536.61084421
13484166.146718 3610950.04212791
13484190.7904377 3611090.67788932
13484156.8451842 3611217.55648059
13484077.8356079 3611337.83709764
13483593.7282376 3611563.52202867
13483412.8294564 3611760.32263195
13483051.0318941 3611819.71828952
13482785.189796 3611831.60990667
13482629.7900466 3611834.84741949
13482526.992074 3611859.93815618
13482453.9162273 3611920.6417707
13482388.591668 3611988.56790548
13482397.8932019 3612084.57412217
13482416.6031808 3612270.79841272
13482566.0692005 3612750.4119696
13482645.934089 3613053.33203681
13482385.1704193 3613349.47233597
13481852.6309219 3613715.73465664
13481661.5218392 3613794.38095957
13481556.8528642 3613796.31133047
13481366.0110595 3613799.86069446
13481356.2818696 3613798.42849256
13481327.0408443 3613794.06961991
13481098.458337 3613760.13271008
13480786.7500705 3613715.1119683
13480570.1954116 3613585.09445413
13480435.9646664 3613543.0009571
13480340.0091912 3613567.09884466
13480251.6446254 3613606.57714445
13480286.4986467 3613865.5553684
13480318.7332758 3614006.41090025
13480247.4215202 3614126.7807556
13479956.1338569 3614393.11798815
13479640.1490185 3614502.28240455
13479439.9522243 3614391.81025978
13478248.9817836 3613734.60225395
13477921.1829304 3613592.06854169
13477559.3853681 3613606.88849239
13477351.2769308 3613596.30280967
13477181.3903079 3613576.93727444
13477113.4463453 3613518.46723739
13477067.6336327 3613445.17771253
13477022.5692987 3613394.11814568
13476829.8030472 3613390.6934293
13476480.7282674 3613337.89059601
13476286.2513916 3613200.03143054
13476122.351965 3613143.36889255
13476002.5546267 3613057.13025872
13475924.4003737 3612827.74460505
13475941.4531838 3612545.06561782
13475930.3341033 3612359.02400402
13475882.8107552 3612203.86693544
13475761.3562593 3612057.92641245
13474989.3824632 3611268.1090598
13474722.685064 3610957.13924595
13474567.1783923 3610794.2178196
13474258.8913745 3610594.81784872
13474149.3578046 3610498.20058487
13473864.8591831 3610704.75824726
13473754.8445015 3610622.83200954
13473670.3823073 3610559.89361076
13473540.4281341 3610331.92354234
13473403.6848969 3610141.30842204
13473356.9634053 3610037.66032995
13473516.5862711 3609848.73045583
13473789.2708667 3609784.55097494
13473992.2474309 3609609.31964909
13473892.0153837 3609388.96120606
13473593.0833553 3609208.3822229
13473407.0527011 3609123.2290379
13473250.7976285 3609111.15326174
13473162.4330739 3609113.08290625
13473119.132831 3609166.05454966
13473002.7567525 3609249.34061982
13472888.144754 3609467.08218251
13472660.5244813 3609976.2189008
13472525.4918796 3610254.35740292
13472368.3815059 3610539.16322611
13472276.6491359 3610786.4982527
13472200.1520517 3611092.60782777
13472092.3291061 3611213.44754517
13471872.3531984 3611352.15629153
13471389.1011291 3611613.5156873
13471096.0493748 3611738.09602508
13470896.4406148 3611785.97355223
13470869.1240474 3611785.47547623
13470711.372184 3611782.67379426
13470496.4212382 3611756.58706369
13470205.9888871 3611635.61755738
13470008.892608 3611393.61980404
13469768.6029972 3611168.31149615
13469579.2045388 3610904.22223312
13469502.8143658 3610794.15556668
13469443.2631693 3610765.02043138
13469400.8717053 3610877.63930442
13469351.5308105 3611005.32505119
13469270.8640654 3611050.64727165
13469130.6995906 3611068.01668556
13469024.1596133 3611004.07993288
13468988.0760794 3610982.47724128
13468895.5418641 3610738.81132881
13468688.2887389 3610334.10237856
13468601.6347975 3610060.13290996
13468481.0356138 3609936.44087497
13468370.593265 3609930.96284135
13468178.7357813 3609949.70020279
13468062.3062472 3610070.27981353
13468013.8741313 3610271.60120493
13467998.6388567 3610644.24733331
13468048.7281525 3610984.15813451
13468736.6673993 3612198.3879036
13468898.054345 3612536.84684555
13468982.9976509 3612706.76468299
13469095.9524806 3612801.15756636
13469244.5631771 3612857.56947955
13469378.7939222 3612937.20661351
13469709.9605797 3613242.49737083
13470120.1902579 3613829.7501682
13470354.5995835 3614078.3960501
13470436.9769529 3614173.42205507
13470460.7653604 3614254.49985632
13470425.1094826 3614314.65471026
13470411.4779323 3614389.25708731
13470405.5441915 3614464.04672577
13470551.642407 3614757.79191735
13470607.7188881 3615002.03477404
13470744.4086585 3615200.88264317
13470727.4627707 3615476.58458117
13470820.9057539 3615705.14719087
13470903.2296677 3615800.18562962
13471106.2596876 3615967.53227545
13471220.0698184 3616084.24652976
13471319.3930867 3616282.42660006
13471376.324891 3616541.9588476
13471369.4823825 3616973.40348002
13471315.1699814 3617241.358877
13471207.2935802 3617444.16670833
13471120.6930944 3617534.98283465
13471040.0263494 3617566.31392624
13470977.7488495 3617559.71134252
13470921.0843344 3617553.66936913
13470631.4538399 3617514.48997871
13470020.0116774 3617667.28406212
13469918.9243291 3617788.24997642
13469905.2927677 3617862.87320393
13469944.3164497 3617981.72313437
13470021.6688461 3618136.32942911
13470031.0238356 3618276.92189965
13469907.8587153 3618383.44185721
13469746.4717696 3618461.24559413
13469541.0896357 3618516.81110257
13469500.9433634 3618527.65014305
13469422.0941651 3618548.95448885
13469073.8212419 3618547.39714318
13468919.2233491 3618558.67226593
13468698.4455849 3618636.53940544
13468351.8832861 3618709.73496031
13468168.4185684 3618817.56680999
13468120.8952203 3619048.3089342
13468086.9499668 3619212.6467919
13467922.1417724 3619528.99393309
13467880.4986983 3619662.74927537
13467911.9849264 3619788.53169459
13467922.1417724 3619930.26428135
13468058.8849985 3620090.68883676
13468986.3119995 3621070.28919815
13469035.5994276 3621336.77530488
13468926.012402 3624240.14353167
13468909.0665031 3624939.60335278
13468786.7032283 3625157.43303418
13468666.1575002 3625434.97664587
13468627.0803737 3625726.79991176
13468705.1811711 3625955.30194637
13468758.6917156 3626467.73276498
13468748.5348696 3626713.32807879
13468690.8012198 3627206.21640211
13468614.3041244 3627475.26552175
13468559.0829556 3627707.22845655
13468481.8374704 3627938.75933316
13468412.1828835 3628178.64835262
13468380.750111 3628505.884883
13468360.3829634 3628617.85425988
13468248.2300013 3628940.1147395
13468399.460101 3629131.26799274
13468677.9715149 3629386.89173749
13468968.4573216 3629440.13696337
13469153.5792192 3629451.73372115
13469265.7321812 3629494.69172524
13469326.8870908 3629619.88803233
13469473.7871629 3629937.49826617
13469566.374845 3630144.06775968
13469553.5985958 3630285.48224294
13469290.3224452 3630447.03841074
13469078.8462149 3630622.31459592
13468992.2457291 3630764.73221361
13468972.7338936 3630907.21382228
13468900.5668259 3631414.11244736
13468756.9810913 3631677.26643828
13468672.0377853 3631916.91602233
13468557.4257869 3632134.99307369
13468514.8739449 3632239.6364967
13468374.7629257 3632287.40607818
13468227.8093869 3632364.36164381
13468052.04249 3632450.17326619
13468046.9640614 3632561.30519756
13468091.1196165 3632766.42169327
13468166.7079441 3633178.16166979
13468093.6855641 3633296.2852914
13468086.8965112 3633676.79574454
13468100.4746059 3634226.28318646
13467902.5764702 3634699.38584661
13467802.3444341 3634983.31849654
13465284.1414494 3635151.4855402
13464927.4223157 3635216.3577115
13464925.7116802 3635312.35667696
13465110.0317212 3635601.54323917
13465036.9558856 3635743.14481615
13464916.3566908 3635812.32432451
13464631.0027683 3635878.50995516
13464509.5482612 3635995.72364264
13464184.2618889 3636919.74818453
13463707.7988726 3637030.42116051
13463188.0356244 3636877.82497909
13463245.8227298 3636354.10871154
13463561.700657 3635954.73926965
13463385.7199265 3635320.96480507
13460133.8718824 3635294.39190149
13457958.7030255 3635254.96929622
13458152.3780448 3636949.38149872
13457946.8890108 3638202.40514644
13457558.7371045 3639453.30940465
13457393.1270424 3639815.66349106
13457813.5135778 3642865.67442873
13458080.210977 3643190.67801939
13458440.2979149 3643321.81786242
13458137.0893257 3643773.1093469
13457537.5146336 3644128.53639623
13457388.9039372 3644765.63410116
13457176.5189279 3645172.96686863
13456830.8654079 3645399.64322053
13455955.1848715 3645422.61699274
13455548.376442 3645502.46363939
13455293.5999687 3645482.54874985
13455173.856086 3645780.33901946
13455244.3659851 3646040.73970888
13454646.4484728 3646029.2522489
13454370.396073 3645734.32777108
13454068.0427959 3645845.70400755
13453651.8259102 3646157.67520278
13453175.4163606 3646102.60987634
13452991.0963196 3646213.92700382
13452997.8853725 3646699.10159119
13453000.4513091 3646877.60518879
13453150.772641 3647217.01263245
13453499.7939651 3647428.92850016
13453754.6773496 3647695.35822159
13454049.3328171 3648025.85896346
13454538.5720716 3648623.87986104
13454637.8953399 3648811.02882809
13454729.6276987 3649336.95947337
13454994.6144736 3649880.27399762
13455511.0099398 3650503.55391133
13456043.4959816 3650849.18182894
13457251.1984765 3650850.11867265
13457435.4650619 3650799.15448816
13458258.490366 3650571.50457561
13459146.8936961 3650588.42983397
13460346.1499805 3650977.03038791
13460794.601473 3651329.10480654
13461362.7968483 3651408.98967876
13463073.3167147 3651303.87152556
13463893.7760823 3651295.68946454
13466282.8267504 3650789.91101433
13466899.4542415 3650618.34578114
13467988.2681882 3650889.27878291
13469530.612056 3651284.44693847
13470964.2776661 3651310.42967485
13471455.1740893 3651405.74180614
13471495.9083845 3651657.704168
13471424.5966401 3651862.88802738
13471489.1193428 3651879.31538025
13471652.8583914 3651957.08012044
13471743.0939595 3651999.99146976
13471983.9181376 3651813.60611308
13471997.8704327 3651802.80034323
13472264.5678431 3651823.97466326
13472465.0319153 3651844.02470868
13472882.852503 3651865.57387046
13472887.9309316 3651828.22202352
13472960.151455 3651294.69013021
13473282.9253464 3651117.49668963
13473624.3557499 3651077.77372771
13473913.0774766 3651541.52852156
13473947.9314978 3651813.10642492
13474028.5982429 3652807.90214795
13474021.80919 3653194.88600865
13474479.5622275 3653038.7791873
13474711.4590722 3652768.48607436
13475547.1537144 3653172.64738128
13475670.9603243 3653164.27666837
13476893.3100708 3653081.44443827
13476918.8091026 3653104.18264158
13477146.4293754 3653260.6650915
13477206.7289617 3653420.02312512
13477385.9705741 3653641.41612953
13477695.1129152 3653717.19292381
13477537.9490747 3655027.08683893
13477126.8640843 3656121.55197481
13476815.1558067 3656727.2765386
13476881.4425894 3657184.9326277
13476813.498638 3657738.71673867
13476051.6282323 3662128.56516194
13476302.235056 3662167.07349838
13475946.3177788 3665048.66444541
13475773.8652193 3665779.45421812
13475911.5172132 3667065.30445558
13475603.1767398 3667724.47836516
13475566.8259167 3667918.42232123
13475551.3768196 3668000.72902624
13476509.3812698 3667955.44776394
13477968.5459117 3668258.28504988
13478180.0221421 3668661.26660332
13478042.4236038 3669282.49580342
13478155.3249668 3669594.56085428
13478377.0115099 3670553.32385059
13478608.9083547 3670892.13345201
13478993.6390011 3670612.25202533
13479281.5054156 3670425.89733312
13479376.6590343 3670427.52377462
13479767.3234215 3669765.95293247
13479916.8428968 3669101.47792629
13480123.2407098 3668914.83341042
13480336.4275645 3668844.52971051
13480505.4054197 3669004.77769406
13480680.3704601 3669007.8425738
13480862.1245645 3669130.75085364
13481267.2758253 3669618.1427654
13481436.2536693 3669917.08020331
13481606.9956045 3670141.96051543
13481719.4158558 3670200.88671631
13481753.0403644 3670218.52709738
13481851.2410313 3670211.83375882
13482084.2604774 3670196.00745647
13482440.124299 3670096.42113764
13483014.3603262 3669791.53684712
13483166.2853712 3669724.79360378
13483146.7735358 3669528.31908921
13484104.8314416 3669084.27699218
13484834.4137625 3668862.98125442
13485980.961359 3669058.56945664
13486157.6370348 3669069.76566922
13486289.2483767 3669447.81610791
13486498.1586706 3669692.95462402
13485832.3506625 3671431.95854075
13485523.0479546 3671941.4640774
13484844.5171529 3673059.33477215
13484714.6164354 3673045.38188227
13484622.8840654 3672853.17141713
13484532.8623309 3672577.62494096
13484298.4530053 3672430.65684796
13484109.9098701 3672331.92830701
13483813.4903227 3672362.71049345
13483633.4468538 3672466.81996986
13483464.415543 3672574.6843129
13483331.9488778 3672658.46128411
13483359.9603905 3672749.37150571
13483025.3190287 3674565.96535875
13483351.4607132 3674979.22919524
13483495.8483044 3675382.43142402
13483740.4679428 3675518.23276859
13483694.5482966 3675736.33163137
13483560.3710182 3675895.91861434
13483759.124466 3676103.76030929
13483566.3047478 3676450.67163832
13483641.946531 3676571.83944489
13483433.8380937 3677845.73856774
13483241.0183755 3677771.94107075
13482385.8118979 3677874.78197927
13482064.748642 3677845.73856774
13482008.672161 3678247.90833665
13482273.6589358 3678387.68497667
13481946.6619392 3678920.32810204
13481845.6280465 3678969.15540351
13481576.3646996 3679049.09487158
13480899.4910667 3678794.06661463
13481133.9003923 3680151.08576938
13481398.8337116 3680339.09081913
13482188.7156299 3680834.69170276
13482437.5583624 3680999.97993359
13481907.5848015 3681336.51116521
13481564.4437625 3681640.93118877
13482261.7914655 3682057.43912453
13482484.3867764 3682147.85552131
13482601.8854451 3682195.56859462
13482694.0454712 3682233.01284949
13482777.7058088 3682094.19418284
13482814.6446549 3682032.8940628
13483181.5741014 3682123.81120043
13484328.1216978 3682649.03997531
13484340.8444803 3682900.8296601
13484573.5966373 3682955.37120908
13485658.1340119 3683244.2388106
13485839.8881052 3683398.97645003
13484839.4387243 3684107.50072777
13485206.3147152 3684228.99476753
13485997.9072579 3684376.48015065
13485416.9356334 3685193.34958239
13486881.1787038 3686047.2910041
13486538.8929769 3686480.17199617
13486235.6843766 3686525.58436648
13485912.9639408 3686805.95464212
13485927.3973588 3686974.39286175
13485991.9200615 3687110.76124609
13485999.1902261 3687209.92212753
13486005.4981673 3687295.67844914
13485988.4988128 3687295.36523568
13485754.1429428 3687291.35616675
13485634.3456045 3687222.32512255
13485403.3575387 3687733.55248134
13485308.2573756 3687949.55106118
13485926.5420466 3688036.50284011
13486222.1062819 3687936.83409901
13487184.3338374 3688343.59540481
13487313.4326984 3688682.27068009
13487265.9093502 3689474.30376886
13486872.3582817 3689348.05869972
13486766.5132497 3689314.10119855
13486161.7532289 3689336.84394845
13485807.6000317 3689516.71989363
13485247.9577893 3689894.27376782
13485175.6837992 3690213.06713911
13485307.3486078 3690401.16414068
13485380.3709878 3690748.29277687
13485920.5548503 3691219.8771836
13486425.082835 3691571.10221348
13486660.2940172 3691160.59916048
13487454.3990408 3691588.46006574
13488800.6088529 3691656.70113512
13489547.9923849 3692059.7635506
13489543.715824 3692311.55898674
13489963.3004917 3693259.94310327
13490654.6609983 3693765.65688217
13491337.5218276 3694006.76983146
13491693.3321936 3694563.09642262
13492483.1606452 3695196.35929535
13492801.7114313 3695271.07682484
13492693.8350301 3694924.75990764
13493631.5257883 3694848.03872285
13494724.5628403 3695164.76746227
13494721.9969037 3695302.48088951
13494596.3192915 3695988.94002759
13495045.6261073 3696433.01832841
13495065.0844871 3697149.00638173
13495083.634088 3697153.20675735
13495195.8405168 3697178.78526427
13495259.6148186 3697193.32993321
13495415.0680347 3697049.89021091
13495595.0045813 3697153.14406672
13495797.2327446 3697269.12545943
13495886.4526225 3697249.43989677
13495882.9779071 3696898.55310832
13496172.6084016 3696851.4095399
13496129.3081698 3695899.92569758
13496454.6479977 3695582.363007
13496483.5148226 3695215.60277076
13497463.5970559 3695179.62313504
13497582.4856153 3695263.86832035
13498151.5363027 3695289.50555113
13498248.3470901 3695544.0629648
13498244.1239737 3695813.54482489
13498140.4706889 3695914.28079047
13499062.8727169 3696306.82673555
13499342.2929098 3695988.75196059
13500068.4005153 3696391.079697
13500930.502957 3696841.37901775
13501110.4929704 3696813.41897471
13501164.0569705 3696805.08113449
13501265.1443188 3696677.13037502
13501429.8456019 3696875.16937548
13501794.2625675 3697184.61567575
13502509.3580148 3697378.27436515
13502584.9463313 3697717.26282745
13502397.2584972 3698035.7588213
13503393.5382285 3698695.28509923
13503594.8041573 3698974.17908072
13503811.3588162 3698241.78250161
13504108.6871314 3698269.871209
13504534.9539408 3698805.13646151
13504651.3300192 3698691.27228852
13504660.6850087 3698094.75672627
13504891.6730856 3697936.760853
13505067.5469049 3698376.27032068
13505431.8569481 3698473.70437928
13506361.8498856 3698924.77023987
13507671.5485077 3700047.99292369
13508034.1479266 3700352.62838416
13512079.40606 3703906.35110253
13510046.1657579 3705255.62207733
13506078.1531207 3708220.41529577
13504853.4512713 3708960.37718198
13502398.9156771 3712257.49407333
13498553.212848 3717245.28570493
13494276.8597375 3721041.69817292
13482361.7562124 3730356.09176196
13481238.9435677 3731602.99439044
13480269.0716361 3732413.41786175
13482198.6586423 3733507.41834089
13483983.9649686 3735059.14569545
13484594.6052746 3735576.28559421
13489663.2993287 3739015.76821834
13492358.9798347 3741112.44397435
13493621.9569653 3742447.1045535
13495076.7915795 3743301.99145623
13497859.1794937 3744697.6290588
13498795.9614841 3745036.87087541
13501585.13844 3745356.48441695
13504662.1818105 3745336.34310422
13508992.8473221 3744319.50208679
13511129.6874535 3742161.10693811
13512386.7308433 3740980.81695311
13512478.4632132 3740470.61849694
13513652.2204658 3739250.10525287
13513949.4953254 3738763.12967505
13514402.22339 3738306.80836506
13514662.8801484 3738233.90172778
13515306.6638401 3737181.86806932
13515678.671704 3735701.37601335
13516274.0767353 3734771.56183481
13516415.0430778 3734589.44358542
13517147.1913353 3733683.5466218
13517391.7575069 3733499.36969626
13518029.6609246 3733019.79341743
13518259.7402226 3732992.69323724
13518459.4024494 3732536.02349501
13519338.3973233 3732064.59589223
13520409.3566033 3731726.91210029
13521158.5042153 3731422.68411146
13522653.2712682 3731189.75586207
13523179.877036 3731174.73042193
13523837.2388335 3730953.68875716
13524284.8350139 3730015.87823577
13524666.1978784 3728983.35217236
13524880.7211681 3728364.85924994
13525270.102587 3728014.26822951
13525483.2894417 3728059.39571928
13525846.7976395 3728149.39981358
13526325.7731368 3728071.02331325
13527541.975309 3727410.2170062
13530124.8079187 3726862.56821933
13532028.1474923 3725916.77905914
13532366.9585036 3725807.68811858
13532827.3309444 3725732.34304951
13533110.9742426 3725724.29956512
13533406.5384778 3725793.10921406
13534449.486234 3726051.07033671
13535393.1107329 3726412.66503474
13535645.3212696 3726415.93288625
13537341.4077181 3725562.23709172
13538020.9007432 3725175.65865229
13548607.5956673 3720675.7408545
13549314.2983486 3720289.0039252
13549991.1185259 3720013.89239501
13551113.1293251 3719692.05751386
13553005.3498181 3718698.59368016
13554500.1703377 3718094.18936683
13562612.8178211 3714998.97241557
13565043.6184746 3713941.29250046
13565532.8042735 3713808.51612358
13568149.5821256 3713630.47877548
13569901.6381438 3713363.80429611
