12640343.8939914 2537512.46455542
12640340.0450755 2537501.14677168
12640368.6980779 2537430.87276095
12640589.2085529 2537338.48337349
12640704.9431528 2537288.42007755
12640797.5308238 2537246.67191712
12640921.4443561 2537202.03671777
12641089.6203436 2537140.94501362
12641275.062986 2537048.26849874
12641381.8702414 2536909.80323644
12641448.7450581 2536781.03964442
12641460.8798177 2536577.04087144
12641456.3894232 2536312.9374218
12641461.7885855 2536171.01383906
12641632.4236094 2535542.53420259
12641446.5533109 2535457.7764005
12641314.4608573 2535217.76635112
12641259.9346226 2535118.69173755
12641192.311405 2535113.66874553
12640997.0326726 2535249.40567994
12640983.882234 2535236.24186387
12640950.5250035 2535175.67688326
12640909.7372526 2535099.92768361
12640865.7420644 2535038.95904368
12640840.2964993 2535009.2831135
12640816.935748 2534687.81635901
12640705.7450093 2534646.53649004
12640901.3979422 2534235.76409179
12641042.1504511 2534208.62979341
12640813.0868321 2534095.24353838
12640553.4992195 2533988.49719258
12640467.0056561 2533952.93447459
12640349.400065 2533893.24008016
12640195.122917 2533846.41995893
12640095.5858151 2533767.84788407
12639977.1783674 2533658.73665651
12639896.1374331 2533585.99622969
12639759.7683963 2533501.88328482
12639544.44325 2533474.63470855
12639378.1917094 2533440.40085913
12639179.224439 2533289.4379031
12639061.0842806 2533198.80304952
12638727.886254 2533093.33240072
12638519.296705 2533096.7961236
12638366.1956029 2533117.92483892
12638201.601231 2533188.58501459
12638138.3614966 2533306.92990913
12637947.6800699 2533296.65406898
12637880.110319 2533642.11024493
12637852.9006629 2533876.90208667
12637928.542435 2534131.67253986
12638051.7075663 2534277.15840693
12638216.4623051 2534510.91987798
12638416.0176095 2534800.51377351
12638498.3949789 2535104.02690381
12638649.6250786 2535697.15476624
12638739.5933575 2536201.26921304
12638719.2262099 2536421.83483774
12638589.2720256 2536752.86191723
12638493.3165615 2537084.29968836
12638603.7054436 2537215.89498575
12638692.9253215 2537236.10497228
12638946.044626 2537207.98422626
12639220.2794791 2537158.84520975
12639399.5210915 2537235.06560535
12639509.1081171 2537344.95061691
12639687.0133056 2537470.08065365
12639783.3964369 2537537.87184827
12639961.782726 2537502.3016514
12640332.1334323 2537529.67221437
12640343.8939914 2537512.46455542
