13570000 3713372.59386038 0
13569750 3713228.25629308 1
13569750 3712939.58115849 0
13570000 3712795.24359119 1
13570000 3712506.56845659 0
13569750 3712362.2308893 1
13569750 3712073.5557547 0
13569500 3711929.21818741 1
13569500 3711640.54305281 0
13569750 3711496.20548551 1
13569750 3711207.53035092 0
13569500 3711063.19278362 1
13569500 3710774.51764903 0
13569750 3710630.18008173 1
13569750 3710341.50494713 0
13569500 3710197.16737984 1
13569500 3709908.49224524 0
13569250 3709764.15467794 1
13569250 3709475.47954335 0
13569500 3709331.14197605 1
13569500 3709042.46684146 0
13569250 3708898.12927416 1
13569250 3708609.45413957 0
13569000 3708465.11657227 1
13569000 3708176.44143767 0
13569250 3708032.10387038 1
13569250 3707743.42873578 0
13569000 3707599.09116848 1
13569000 3707310.41603389 0
13569250 3707166.07846659 1
13569250 3706877.403332 0
13569000 3706733.0657647 1
13569000 3706444.3906301 0
13569250 3706300.05306281 1
13569250 3706011.37792821 0
13569000 3705867.04036091 1
13569000 3705578.36522632 0
13569250 3705434.02765902 1
13569250 3705145.35252442 0
13569000 3705001.01495713 1
13569000 3704712.33982253 0
13569250 3704568.00225523 1
13569250 3704279.32712064 0
13569000 3704134.98955334 1
13569000 3704134.98955334 1
13569000 3703846.31441875 0
13568750 3703701.97685145 1
13568750 3703413.30171686 0
13569000 3703268.96414956 1
13569000 3702980.28901496 0
13568750 3702835.95144766 1
13568750 3702547.27631307 0
13569000 3702402.93874577 1
13569000 3702114.26361118 0
13568750 3701969.92604388 1
13568750 3701681.25090928 0
13569000 3701536.91334199 1
13569000 3701248.23820739 0
13568750 3701103.90064009 1
13568750 3700815.2255055 0
13568500 3700670.8879382 1
13568500 3700382.21280361 0
13568250 3700237.87523631 1
13568250 3699949.20010172 0
13568500 3699804.86253442 1
13568500 3699516.18739983 0
13568250 3699371.84983253 1
13568250 3699083.17469794 0
13568000 3698938.83713064 1
13568000 3698650.16199604 0
13568250 3698505.82442874 1
13568250 3698217.14929414 0
13568000 3698072.81172685 1
13568000 3697784.13659225 0
13567750 3697639.79902496 1
13567750 3697351.12389036 0
13567500 3697206.78632306 1
13567500 3696918.11118847 0
13567750 3696773.77362117 1
13567750 3696485.09848658 0
13567500 3696340.76091928 1
13567500 3696052.08578468 0
13567750 3695907.74821739 1
13567750 3695619.07308279 0
13567500 3695474.73551549 1
13567500 3695186.0603809 0
13567750 3695041.7228136 1
13567750 3694753.04767901 0
13567500 3694608.71011171 1
13567500 3694320.03497711 0
13567750 3694175.69740982 1
13567750 3693887.02227522 0
13567500 3693742.68470792 1
13567500 3693454.00957333 0
13567750 3693309.67200603 1
13567750 3693020.99687144 0
13568000 3692876.65930414 1
13568000 3692587.98416955 0
13567750 3692443.64660225 1
13567750 3692154.97146765 0
13568000 3692010.63390036 1
13568000 3691721.95876576 0
13567750 3691577.62119846 1
13567750 3691288.94606387 0
13568000 3691144.60849657 1
13568000 3690855.93336198 0
13567750 3690711.59579468 1
13567750 3690422.92066008 0
13568000 3690278.58309279 1
13568000 3689989.90795819 0
13567750 3689845.57039089 1
13567750 3689556.8952563 0
13568000 3689412.557689 1
13568000 3689123.8825544 0
13567750 3688979.54498711 1
13567750 3688690.86985251 0
13568000 3688546.53228522 1
13568000 3688257.85715063 0
13567750 3688113.51958333 1
13567750 3687824.84444873 0
13568000 3687680.50688143 1
13568000 3687391.83174684 0
13567750 3687247.49417954 1
13567750 3686958.81904495 0
13568000 3686814.48147765 1
13568000 3686525.80634305 0
13567750 3686381.46877576 1
13567750 3686092.79364116 0
13568000 3685948.45607386 1
13568000 3685659.78093927 0
13567750 3685515.44337197 1
13567750 3685226.76823738 0
13568000 3685082.43067008 1
13568000 3684793.75553548 0
13567750 3684649.41796819 1
13567750 3684360.74283359 0
13568000 3684216.40526629 1
13568000 3683927.7301317 0
13567750 3683783.3925644 1
13567750 3683494.71742981 0
13568000 3683350.37986251 1
13568000 3683061.70472791 0
13567750 3682917.36716062 1
13567750 3682628.69202602 0
13568000 3682484.35445872 1
13568000 3682195.67932413 0
13567750 3682051.34175683 1
13567750 3681762.66662224 0
13568000 3681618.32905494 1
13568000 3681329.65392034 0
13567750 3681185.31635305 1
13567750 3680896.64121845 0
13568000 3680752.30365116 1
13568000 3680463.62851657 0
13568250 3680319.29094927 1
13568250 3680030.61581467 0
13568000 3679886.27824738 1
13568000 3679597.60311278 0
13568250 3679453.26554548 1
13568250 3679164.59041088 0
13568000 3679020.25284359 1
13568000 3678731.577709 0
13567750 3678587.2401417 1
13567750 3678298.56500711 0
13568000 3678154.22743981 1
13568000 3677865.55230521 0
13568250 3677721.21473792 1
13568250 3677432.53960333 0
13568000 3677288.20203602 1
13568000 3676999.52690143 0
13567750 3676855.18933413 1
13567750 3676566.51419954 0
13568000 3676422.17663224 1
13568000 3676133.50149764 0
13568250 3675989.16393034 1
13568250 3675700.48879575 0
13568000 3675556.15122845 1
13568000 3675267.47609385 0
13568250 3675123.13852656 1
13568250 3674834.46339196 0
13568000 3674690.12582466 1
13568000 3674401.45069007 0
13568250 3674257.11312277 1
13568250 3673968.43798818 0
13568000 3673824.10042088 1
13568000 3673535.42528628 0
13568250 3673391.08771899 1
13568250 3673102.41258439 0
13568000 3672958.07501709 1
13568000 3672669.3998825 0
13568250 3672525.0623152 1
13568250 3672236.38718061 0
13568000 3672092.04961331 1
13568000 3671803.37447871 0
13568250 3671659.03691142 1
13568250 3671370.36177682 0
13568000 3671226.02420952 1
13568000 3670937.34907493 0
13568250 3670793.01150763 1
13568250 3670504.33637304 0
13568000 3670359.99880574 1
13568000 3670071.32367114 0
13568250 3669926.98610385 1
13568250 3669638.31096925 0
13568000 3669493.97340195 1
13568000 3669205.29826736 0
13568250 3669060.96070006 1
13568250 3668772.28556547 0
13568000 3668627.94799817 1
13568000 3668339.27286357 0
13568250 3668194.93529628 1
13568250 3667906.26016168 0
13568000 3667761.92259438 1
13568000 3667473.24745979 0
13568250 3667328.90989249 1
13568250 3667040.2347579 0
13568000 3666895.8971906 1
13568000 3666607.222056 0
13568250 3666462.88448871 1
13568250 3666174.20935411 0
13568000 3666029.87178681 1
13568000 3665741.19665222 0
13568250 3665596.85908492 1
13568250 3665308.18395033 0
13568000 3665163.84638303 1
13568000 3664875.17124843 0
13568250 3664730.83368114 1
13568250 3664442.15854654 0
13568500 3664297.82097924 1
13568500 3664009.14584465 0
13568250 3663864.80827735 1
13568250 3663576.13314276 0
13568500 3663431.79557546 1
13568500 3663143.12044086 0
13568250 3662998.78287357 1
13568250 3662710.10773897 0
13568500 3662565.77017167 1
13568500 3662277.09503708 0
13568250 3662132.75746978 1
13568250 3661844.08233519 0
13568500 3661699.74476789 1
13568500 3661411.06963329 0
13568250 3661266.732066 1
13568250 3660978.0569314 0
13568500 3660833.7193641 1
13568500 3660545.04422951 0
13568250 3660400.70666221 1
13568250 3660112.03152762 0
13568500 3659967.69396032 1
13568500 3659679.01882572 0
13568250 3659534.68125843 1
13568250 3659246.00612383 0
13568500 3659101.66855653 1
13568500 3658812.99342194 0
13568250 3658668.65585464 1
13568250 3658379.98072005 0
13568500 3658235.64315275 1
13568500 3657946.96801815 0
13568250 3657802.63045086 1
13568250 3657513.95531626 0
13568500 3657369.61774896 1
13568500 3657080.94261437 0
13568250 3656936.60504707 1
13568250 3656647.92991248 0
13568500 3656503.59234518 1
13568500 3656214.91721058 0
13568250 3656070.57964329 1
13568250 3655781.90450869 0
13568500 3655637.56694139 1
13568500 3655348.8918068 0
13568250 3655204.5542395 1
13568250 3654915.87910491 0
13568500 3654771.54153761 1
13568500 3654482.86640301 0
13568250 3654338.52883572 1
13568250 3654049.85370112 0
13568500 3653905.51613382 1
13568500 3653616.84099923 0
13568250 3653472.50343193 1
13568250 3653183.82829734 0
13568500 3653039.49073004 1
13568500 3652750.81559546 0
13568250 3652606.47802816 1
13568250 3652317.80289357 0
13568500 3652173.46532627 1
13568500 3651884.79019168 0
13568250 3651740.45262438 1
13568250 3651451.77748978 0
13568500 3651307.43992249 1
13568500 3651018.76478789 0
13568250 3650874.42722059 1
13568250 3650585.752086 0
13568500 3650441.4145187 1
13568500 3650152.73938411 0
13568250 3650008.40181681 1
13568250 3649719.72668221 0
13568500 3649575.38911491 1
13568500 3649286.71398032 0
13568250 3649142.37641302 1
13568250 3648853.70127843 0
13568500 3648709.36371113 1
13568500 3648420.68857653 0
13568250 3648276.35100924 1
13568250 3647987.67587464 0
13568500 3647843.33830734 1
13568500 3647554.66317275 0
13568250 3647410.32560545 1
13568250 3647121.65047086 0
13568500 3646977.31290356 1
13568500 3646688.63776896 0
13568250 3646544.30020167 1
13568250 3646255.62506707 0
13568500 3646111.28749977 1
13568500 3645822.61236518 0
13568250 3645678.27479788 1
13568250 3645389.59966329 0
13568500 3645245.26209599 1
13568500 3644956.58696139 0
13568250 3644812.2493941 1
13568250 3644523.5742595 0
13568500 3644379.2366922 1
13568500 3644090.56155761 0
13568250 3643946.22399031 1
13568250 3643657.54885572 0
13568500 3643513.21128842 1
13568500 3643224.53615382 0
13568250 3643080.19858653 1
13568250 3642791.52345193 0
13568500 3642647.18588463 1
13568500 3642358.51075004 0
13568250 3642214.17318274 1
13568250 3641925.49804815 0
13568500 3641781.16048085 1
13568500 3641492.48534625 0
13568250 3641348.14777896 1
13568250 3641059.47264436 0
13568500 3640915.13507706 1
13568500 3640626.45994247 0
13568250 3640482.12237517 1
13568250 3640193.44724058 0
13568500 3640049.10967328 1
13568500 3639760.43453868 0
13568250 3639616.09697139 1
13568250 3639327.42183679 0
13568500 3639183.08426949 1
13568500 3638894.4091349 0
13568250 3638750.0715676 1
13568250 3638461.39643301 0
13568500 3638317.05886571 1
13568500 3638028.38373111 0
13568250 3637884.04616382 1
13568250 3637595.37102922 0
13568500 3637451.03346192 1
13568500 3637162.35832733 0
13568250 3637018.02076003 1
13568250 3636729.34562544 0
13568500 3636585.00805814 1
13568500 3636296.33292354 0
13568250 3636151.99535625 1
13568250 3635863.32022165 0
13568500 3635718.98265435 1
13568500 3635430.30751976 0
13568250 3635285.96995246 1
13568250 3634997.29481787 0
13568500 3634852.95725057 1
13568500 3634564.28211597 0
13568250 3634419.94454868 1
13568250 3634131.26941408 0
13568500 3633986.9318468 1
13568500 3633698.25671221 0
13568250 3633553.91914491 1
13568250 3633265.24401031 0
13568250 3633265.24401031 0
13568500 3633120.90644301 1
13568500 3632832.23130842 0
13568750 3632687.89374112 1
13568750 3632399.21860653 0
13569000 3632254.88103923 1
13569000 3631966.20590464 0
13568750 3631821.86833734 1
13568750 3631533.19320275 0
13569000 3631388.85563545 1
13569000 3631100.18050086 0
13569250 3630955.84293356 1
13569250 3630667.16779896 0
13569500 3630522.83023166 1
13569500 3630234.15509707 0
13569750 3630089.81752977 1
13569750 3629801.14239518 0
13569750 3629801.14239518 0
13570000 3629656.80482788 1
13570000 3629368.12969328 0
13569750 3629223.79212599 1
13569750 3629223.79212599 1
13569750 3628935.1169914 0
13570000 3628790.7794241 1
13570000 3628790.7794241 1
13570000 3628790.7794241 1
13570000 3628502.1042895 0
13570250 3628357.7667222 1
13570250 3628069.09158761 0
13570000 3627924.75402031 1
13570000 3627636.07888572 0
13570250 3627491.74131842 1
13570250 3627203.06618383 0
13570500 3627058.72861653 1
13570500 3626770.05348194 0
13570250 3626625.71591464 1
13570250 3626337.04078004 0
13570500 3626192.70321274 1
13570500 3626192.70321274 1
13570500 3625904.02807815 0
13570250 3625759.69051085 1
13570250 3625471.01537626 0
13570500 3625326.67780896 1
13570500 3625038.00267437 0
13570250 3624893.66510707 1
13570250 3624604.98997247 0
13570500 3624460.65240517 1
13570500 3624171.97727058 0
13570250 3624027.63970328 1
13570250 3623738.96456869 0
13570500 3623594.62700139 1
13570500 3623305.95186679 0
13570250 3623161.61429949 1
13570250 3622872.9391649 0
13570500 3622728.6015976 1
13570500 3622439.92646301 0
13570250 3622295.58889571 1
13570250 3622006.91376112 0
13570000 3621862.57619382 1
13570000 3621573.90105923 0
13570250 3621429.56349193 1
13570250 3621140.88835733 0
13570000 3620996.55079004 1
13570000 3620707.87565544 0
13569750 3620563.53808814 1
13569750 3620274.86295355 0
13570000 3620130.52538625 1
13570000 3619841.85025166 0
13570000 3619841.85025166 0
13570000 3619841.85025166 0
13570000 3619841.85025166 0
13569750 3619697.51268436 1
13569750 3619408.83754976 0
13570000 3619264.49998247 1
13570000 3618975.82484788 0
13569750 3618831.48728057 1
13569750 3618542.81214598 0
13569500 3618398.47457868 1
13569500 3618109.79944408 0
13569250 3617965.46187679 1
13569250 3617676.7867422 0
13569000 3617532.4491749 1
13569000 3617243.77404031 0
13568750 3617099.43647301 1
13568750 3616810.76133842 0
13568500 3616666.42377111 1
13568500 3616377.74863651 0
13568250 3616233.41106922 1
13568000 3616377.74863652 0
13567750 3616233.41106922 1
13567750 3615944.73593463 0
13567500 3615800.39836733 1
13567500 3615800.39836733 1
13567500 3615800.39836733 1
13567250 3615944.73593463 0
13567250 3615944.73593463 0
13567000 3615800.39836733 1
13567000 3615511.72323273 0
13567000 3615511.72323273 0
13566750 3615367.38566544 1
13566500 3615511.72323273 0
13566500 3615511.72323273 0
13566250 3615367.38566544 1
13566250 3615367.38566544 1
13566250 3615367.38566544 1
13566250 3615367.38566544 1
13566250 3615367.38566544 1
13566000 3615511.72323273 0
13565750 3615367.38566543 1
13565750 3615078.71053084 0
13565500 3614934.37296354 1
13565250 3615078.71053084 0
13565000 3614934.37296354 1
13565000 3614934.37296354 1
13564750 3615078.71053084 0
13564500 3614934.37296354 1
13564500 3614645.69782895 0
13564500 3614645.69782895 0
13564250 3614501.36026165 1
13564250 3614501.36026165 1
13564000 3614645.69782895 0
13563750 3614501.36026165 1
13563750 3614501.36026165 1
13563750 3614212.68512706 0
13563750 3614212.68512706 0
13563500 3614068.34755976 1
13563250 3614212.68512706 0
13563000 3614068.34755976 1
13562750 3614212.68512706 0
13562500 3614068.34755976 1
13562250 3614212.68512706 0
13562000 3614068.34755976 1
13561750 3614212.68512706 0
13561750 3614501.36026165 1
13561750 3614501.36026165 1
13561500 3614645.69782895 0
13561250 3614501.36026165 1
13561000 3614645.69782895 0
13560750 3614501.36026165 1
13560500 3614645.69782895 0
13560250 3614501.36026165 1
13560250 3614501.36026165 1
13560000 3614645.69782895 0
13559750 3614501.36026165 1
13559750 3614212.68512706 0
13559500 3614068.34755976 1
13559250 3614212.68512706 0
13559000 3614068.34755976 1
13559000 3613779.67242516 0
13559000 3613779.67242516 0
13559000 3613779.67242516 0
13558750 3613635.33485787 1
13558500 3613779.67242516 0
13558500 3614068.34755976 1
13558500 3614068.34755976 1
13558250 3614212.68512706 0
13558000 3614068.34755976 1
13557750 3614212.68512706 0
13557500 3614068.34755976 1
13557500 3614068.34755976 1
13557500 3614068.34755976 1
13557500 3613779.67242516 0
13557250 3613635.33485787 1
13557000 3613779.67242516 0
13556750 3613635.33485786 1
13556500 3613779.67242516 0
13556250 3613635.33485786 1
13556000 3613779.67242516 0
13555750 3613635.33485787 1
13555500 3613779.67242517 0
13555250 3613635.33485787 1
13555250 3613635.33485787 1
13555250 3613346.65972327 0
13555000 3613202.32215598 1
13554750 3613346.65972328 0
13554750 3613635.33485787 1
13554750 3613635.33485787 1
13554750 3613635.33485787 1
13554500 3613779.67242516 0
13554250 3613635.33485786 1
13554000 3613779.67242516 0
13553750 3613635.33485787 1
13553500 3613779.67242517 0
13553250 3613635.33485787 1
13553000 3613779.67242517 0
13552750 3613635.33485787 1
13552500 3613779.67242517 0
13552250 3613635.33485787 1
13552000 3613779.67242517 0
13551750 3613635.33485787 1
13551500 3613779.67242517 0
13551250 3613635.33485787 1
13551000 3613779.67242516 0
13551000 3613779.67242516 0
13550750 3613635.33485786 1
13550750 3613346.65972327 0
13551000 3613202.32215598 1
13550750 3613346.65972327 0
13550750 3613346.65972327 0
13550750 3613346.65972327 0
13550750 3613346.65972327 0
13550750 3613635.33485787 1
13550750 3613635.33485787 1
13550500 3613779.67242516 0
13550250 3613635.33485787 1
13550000 3613779.67242517 0
13549750 3613635.33485787 1
13549500 3613779.67242516 0
13549250 3613635.33485786 1
13549000 3613779.67242516 0
13548750 3613635.33485786 1
13548500 3613779.67242516 0
13548250 3613635.33485786 1
13548000 3613779.67242516 0
13547750 3613635.33485787 1
13547500 3613779.67242517 0
13547250 3613635.33485787 1
13547000 3613779.67242516 0
13546750 3613635.33485786 1
13546500 3613779.67242516 0
13546250 3613635.33485787 1
13546000 3613779.67242517 0
13545750 3613635.33485787 1
13545750 3613635.33485787 1
13545500 3613779.67242517 0
13545250 3613635.33485787 1
13545000 3613779.67242517 0
13544750 3613635.33485787 1
13544750 3613346.65972328 0
13544500 3613202.32215598 1
13544250 3613346.65972327 0
13544000 3613202.32215598 1
13543750 3613346.65972327 0
13543500 3613202.32215597 1
13543250 3613346.65972327 0
13543000 3613202.32215598 1
13543000 3613202.32215598 1
13543000 3613202.32215598 1
13542750 3613346.65972327 0
13542500 3613202.32215598 1
13542250 3613346.65972328 0
13542000 3613202.32215598 1
13542000 3612913.64702139 0
13541750 3612769.30945409 1
13541500 3612913.64702138 0
13541250 3612769.30945408 1
13541000 3612913.64702138 0
13540750 3612769.30945408 1
13540750 3612769.30945408 1
13540500 3612913.64702138 0
13540250 3612769.30945408 1
13540000 3612913.64702138 0
13539750 3612769.30945408 1
13539500 3612913.64702138 0
13539250 3612769.30945408 1
13539000 3612913.64702138 0
13538750 3612769.30945408 1
13538500 3612913.64702138 0
13538250 3612769.30945408 1
13538250 3612769.30945408 1
13538000 3612913.64702138 0
13537750 3612769.30945408 1
13537750 3612480.63431949 0
13537500 3612336.29675219 1
13537250 3612480.63431949 0
13537000 3612336.29675219 1
13536750 3612480.63431949 0
13536500 3612336.29675219 1
13536250 3612480.63431949 0
13536000 3612336.29675219 1
13535750 3612480.63431949 0
13535500 3612336.29675219 1
13535500 3612047.6216176 0
13535250 3611903.2840503 1
13535000 3612047.6216176 0
13534750 3611903.2840503 1
13534500 3612047.6216176 0
13534250 3611903.2840503 1
13534250 3611903.2840503 1
13534000 3612047.6216176 0
13533750 3611903.2840503 1
13533750 3611614.60891571 0
13533500 3611470.27134841 1
13533250 3611614.6089157 0
13533000 3611470.27134841 1
13532750 3611614.60891571 0
13532500 3611470.27134841 1
13532500 3611470.27134841 1
13532500 3611470.27134841 1
13532500 3611181.59621381 0
13532250 3611037.25864652 1
13532000 3611181.59621381 0
13531750 3611037.25864651 1
13531500 3611181.59621381 0
13531250 3611037.25864652 1
13531000 3611181.59621382 0
13530750 3611037.25864652 1
13530500 3611181.59621382 0
13530250 3611037.25864652 1
13530250 3610748.58351192 0
13530000 3610604.24594463 1
13529750 3610748.58351192 0
13529750 3610748.58351192 0
13529500 3610604.24594462 1
13529250 3610748.58351192 0
13529000 3610604.24594462 1
13528750 3610748.58351192 0
13528500 3610604.24594462 1
13528250 3610748.58351192 0
13528000 3610604.24594462 1
13528000 3610315.57081003 0
13527750 3610171.23324273 1
13527500 3610315.57081003 0
13527500 3610315.57081003 0
13527250 3610171.23324273 1
13527000 3610315.57081003 0
13527000 3610315.57081003 0
13526750 3610171.23324273 1
13526500 3610315.57081003 0
13526500 3610315.57081003 0
13526250 3610171.23324273 1
13526000 3610315.57081003 0
13525750 3610171.23324273 1
13525750 3609882.55810814 0
13525500 3609738.22054084 1
13525500 3609738.22054084 1
13525250 3609882.55810814 0
13525000 3609738.22054084 1
13525000 3609449.54540625 0
13524750 3609305.20783895 1
13524750 3609016.53270436 0
13524500 3608872.19513706 1
13524250 3609016.53270436 0
13524000 3608872.19513706 1
13524000 3608583.52000246 0
13523750 3608439.18243517 1
13523500 3608583.52000246 0
13523250 3608439.18243516 1
13523000 3608583.52000246 0
13522750 3608439.18243516 1
13522750 3608150.50730057 0
13522500 3608006.16973327 1
13522250 3608150.50730057 0
13522000 3608006.16973327 1
13522000 3607717.49459868 0
13521750 3607573.15703138 1
13521500 3607717.49459868 0
13521250 3607573.15703138 1
13521250 3607284.48189678 0
13521000 3607140.14432949 1
13520750 3607284.48189678 0
13520500 3607140.14432948 1
13520250 3607284.48189678 0
13520000 3607140.14432948 1
13520000 3606851.46919489 0
13519750 3606707.13162759 1
13519500 3606851.46919489 0
13519250 3606707.13162759 1
13519250 3606707.13162759 1
13519250 3606707.13162759 1
13519250 3606707.13162759 1
13519000 3606851.46919489 0
13518750 3606707.13162759 1
13518750 3606418.456493 0
13518500 3606274.1189257 1
13518250 3606418.456493 0
13518000 3606274.1189257 1
13518000 3605985.44379111 0
13517750 3605841.10622381 1
13517750 3605552.43108922 0
13517500 3605408.09352192 1
13517250 3605552.43108921 0
13517000 3605408.09352191 1
13516750 3605552.43108921 0
13516500 3605408.09352192 1
13516500 3605119.41838732 0
13516250 3604975.08082002 1
13516250 3604686.40568542 0
13516000 3604542.06811813 1
13516000 3604253.39298353 0
13515750 3604109.05541624 1
13515750 3603820.38028164 0
13515500 3603676.04271435 1
13515500 3603676.04271435 1
13515500 3603387.36757975 0
13515250 3603243.03001246 1
13515000 3603387.36757976 0
13514750 3603243.03001245 1
13514500 3603387.36757975 0
13514250 3603243.03001245 1
13514250 3602954.35487786 0
13514000 3602810.01731056 1
13514000 3602521.34217597 0
13513750 3602377.00460867 1
13513750 3602088.32947408 0
13513500 3601943.99190678 1
13513500 3601655.31677219 0
13513250 3601510.97920489 1
13513250 3601222.30407029 0
13513000 3601077.96650299 1
13513000 3600789.2913684 0
13512750 3600644.9538011 1
13512750 3600356.27866651 0
13512500 3600211.94109921 1
13512250 3600356.27866651 0
13512000 3600211.94109921 1
13512000 3599923.26596462 0
13511750 3599778.92839732 1
13511750 3599490.25326273 0
13511500 3599345.91569543 1
13511500 3599057.24056083 0
13511250 3598912.90299353 1
13511250 3598624.22785894 0
13511000 3598479.89029164 1
13511000 3598191.21515705 0
13510750 3598046.87758975 1
13510750 3597758.20245515 0
13510500 3597613.86488785 1
13510250 3597758.20245515 0
13510000 3597613.86488785 1
13510000 3597325.18975326 0
13509750 3597180.85218596 1
13509750 3596892.17705137 0
13509500 3596747.83948407 1
13509500 3596459.16434948 0
13509250 3596314.82678218 1
13509000 3596459.16434948 0
13508750 3596314.82678218 1
13508750 3596026.15164758 0
13508500 3595881.81408028 1
13508500 3595593.13894569 0
13508250 3595448.80137839 1
13508000 3595593.13894569 0
13507750 3595448.80137839 1
13507750 3595160.1262438 0
13507500 3595015.7886765 1
13507500 3594727.11354191 0
13507250 3594582.77597461 1
13507000 3594727.11354191 0
13507000 3595015.7886765 1
13506750 3595160.1262438 0
13506500 3595015.7886765 1
13506500 3594727.11354191 0
13506750 3594582.77597461 1
13506750 3594294.10084002 0
13506500 3594149.76327272 1
13506500 3593861.08813813 0
13506250 3593716.75057083 1
13506000 3593861.08813813 0
13505750 3593716.75057083 1
13505750 3593716.75057083 1
13505500 3593861.08813813 0
13505250 3593716.75057083 1
13505250 3593428.07543623 0
13505000 3593283.73786893 1
13504750 3593428.07543623 0
13504500 3593283.73786893 1
13504250 3593428.07543623 0
13504000 3593283.73786893 1
13503750 3593428.07543623 0
13503750 3593716.75057082 1
13503500 3593861.08813812 0
13503250 3593716.75057082 1
13503000 3593861.08813812 0
13502750 3593716.75057082 1
13502500 3593861.08813812 0
13502250 3593716.75057082 1
13502000 3593861.08813812 0
13501750 3593716.75057082 1
13501500 3593861.08813812 0
13501250 3593716.75057082 1
13501250 3593428.07543623 0
13501000 3593283.73786893 1
13500750 3593428.07543623 0
13500500 3593283.73786893 1
13500250 3593428.07543623 0
13500000 3593283.73786893 1
13499750 3593428.07543623 0
13499500 3593283.73786893 1
13499500 3592995.06273434 0
13499250 3592850.72516704 1
13499250 3592850.72516704 1
13499500 3592995.06273434 0
13499500 3593283.73786893 1
13499250 3593428.07543623 0
13499250 3593716.75057082 1
13499000 3593861.08813812 0
13499000 3593861.08813812 0
13499000 3594149.76327272 1
13499000 3594149.76327272 1
13499250 3594294.10084002 0
13499250 3594294.10084002 0
13499250 3594582.77597462 1
13499000 3594727.11354191 0
13499000 3595015.7886765 1
13498750 3595160.1262438 0
13498750 3595448.80137839 1
13498500 3595593.13894569 0
13498500 3595881.81408029 1
13498750 3596026.15164758 0
13498750 3596314.82678218 1
13499000 3596459.16434948 0
13499000 3596747.83948407 1
13499250 3596892.17705137 0
13499250 3596892.17705137 0
13499250 3596892.17705137 0
13499250 3597180.85218596 1
13499250 3597180.85218596 1
13499000 3597325.18975326 0
13499000 3597325.18975326 0
13499000 3597325.18975326 0
13499000 3597613.86488786 1
13499000 3597613.86488786 1
13498750 3597758.20245516 0
13498750 3598046.87758975 1
13498500 3598191.21515705 0
13498500 3598479.89029164 1
13498250 3598624.22785894 0
13498250 3598912.90299353 1
13498000 3599057.24056083 0
13498000 3599345.91569542 1
13497750 3599490.25326272 0
13497750 3599778.92839731 1
13497500 3599923.26596461 0
13497500 3600211.94109921 1
13497250 3600356.2786665 0
13497000 3600211.94109921 1
13496750 3600356.27866651 0
13496750 3600644.9538011 1
13496500 3600789.2913684 0
13496250 3600644.9538011 1
13496000 3600789.2913684 0
13495750 3600644.9538011 1
13495500 3600789.2913684 0
13495500 3601077.96650299 1
13495250 3601222.30407029 0
13495250 3601510.97920489 1
13495000 3601655.31677218 0
13494750 3601510.97920489 1
13494750 3601510.97920489 1
13494750 3601510.97920489 1
13494750 3601510.97920489 1
13495000 3601655.31677219 0
13495000 3601943.99190678 1
13494750 3602088.32947408 0
13494750 3602377.00460867 1
13494500 3602521.34217597 0
13494500 3602810.01731056 1
13494250 3602954.35487786 0
13494250 3603243.03001245 1
13494250 3603243.03001245 1
13494000 3603387.36757975 0
13494000 3603676.04271434 1
13493750 3603820.38028164 0
13493750 3604109.05541624 1
13493500 3604253.39298354 0
13493500 3604542.06811813 1
13493250 3604686.40568543 0
13493250 3604975.08082002 1
13493250 3604975.08082002 1
13493000 3605119.41838732 0
13493000 3605408.09352192 1
13493000 3605408.09352192 1
13493000 3605119.41838733 0
13492750 3604975.08082003 1
13492500 3605119.41838732 0
13492250 3604975.08082002 1
13492000 3605119.41838732 0
13491750 3604975.08082002 1
13491500 3605119.41838732 0
13491250 3604975.08082002 1
13491250 3604975.08082002 1
13491250 3604686.40568542 0
13491000 3604542.06811813 1
13491000 3604253.39298354 0
13491250 3604109.05541624 1
13491250 3603820.38028164 0
13491000 3603676.04271434 1
13490750 3603820.38028164 0
13490750 3604109.05541624 1
13490500 3604253.39298354 0
13490250 3604109.05541624 1
13490250 3604109.05541624 1
13490000 3604253.39298354 0
13489750 3604109.05541624 1
13489750 3603820.38028164 0
13489500 3603676.04271435 1
13489250 3603820.38028164 0
13489000 3603676.04271435 1
13489000 3603676.04271435 1
13488750 3603820.38028165 0
13488500 3603676.04271435 1
13488500 3603676.04271435 1
13488500 3603676.04271435 1
13488250 3603820.38028164 0
13488000 3603676.04271434 1
13487750 3603820.38028164 0
13487750 3603820.38028164 0
13487500 3603676.04271434 1
13487250 3603820.38028164 0
13487000 3603676.04271435 1
13487000 3603676.04271435 1
13486750 3603820.38028164 0
13486750 3603820.38028164 0
13486750 3603820.38028164 0
13486750 3604109.05541624 1
13486750 3604109.05541624 1
13486750 3604109.05541624 1
13486500 3604253.39298354 0
13486250 3604109.05541624 1
13486000 3604253.39298354 0
13486000 3604542.06811813 1
13485750 3604686.40568543 0
13485500 3604542.06811813 1
13485250 3604686.40568543 0
13485250 3604686.40568543 0
13485000 3604542.06811813 1
13484750 3604686.40568543 0
13484750 3604686.40568543 0
13484500 3604542.06811813 1
13484500 3604253.39298354 0
13484250 3604109.05541624 1
13484000 3604253.39298354 0
13483750 3604109.05541624 1
13483750 3604109.05541624 1
13483500 3604253.39298354 0
13483250 3604109.05541624 1
13483250 3604109.05541624 1
13483000 3604253.39298354 0
13483000 3604542.06811813 1
13483250 3604686.40568543 0
13483250 3604975.08082002 1
13483000 3605119.41838732 0
13483000 3605119.41838732 0
13483000 3605408.09352192 1
13483000 3605408.09352192 1
13483000 3605408.09352192 1
13483250 3605552.43108921 0
13483250 3605841.10622381 1
13483250 3605841.10622381 1
13483000 3605985.44379111 0
13483000 3606274.1189257 1
13483250 3606418.456493 0
13483250 3606707.13162759 1
13483000 3606851.46919489 0
13483000 3607140.14432948 1
13483250 3607284.48189678 0
13483250 3607573.15703137 1
13483000 3607717.49459867 0
13483000 3608006.16973327 1
13483250 3608150.50730057 0
13483250 3608439.18243516 1
13483500 3608583.52000246 0
13483500 3608872.19513705 1
13483250 3609016.53270435 0
13483250 3609305.20783895 1
13483500 3609449.54540624 0
13483500 3609738.22054084 1
13483750 3609882.55810813 0
13483750 3610171.23324273 1
13484000 3610315.57081003 0
13484000 3610604.24594462 1
13484250 3610748.58351192 0
13484250 3611037.25864652 1
13484250 3611037.25864652 1
13484000 3611181.59621381 0
13484000 3611470.27134841 1
13483750 3611614.60891571 0
13483500 3611470.27134841 1
13483250 3611614.60891571 0
13483250 3611903.2840503 1
13483250 3611903.2840503 1
13483000 3612047.6216176 0
13482750 3611903.2840503 1
13482750 3611903.2840503 1
13482500 3612047.6216176 0
13482500 3612047.6216176 0
13482500 3612047.6216176 0
13482500 3612047.6216176 0
13482500 3612336.29675219 1
13482750 3612480.63431949 0
13482750 3612769.30945408 1
13482500 3612913.64702138 0
13482500 3612913.64702138 0
13482500 3613202.32215597 1
13482250 3613346.65972327 0
13482250 3613635.33485787 1
13482000 3613779.67242516 0
13481750 3613635.33485787 1
13481500 3613779.67242516 0
13481500 3613779.67242516 0
13481500 3613779.67242516 0
13481500 3613779.67242516 0
13481500 3613779.67242516 0
13481250 3613635.33485786 1
13481000 3613779.67242516 0
13480750 3613635.33485787 1
13480750 3613635.33485787 1
13480500 3613779.67242517 0
13480250 3613635.33485787 1
13480250 3613635.33485787 1
13480250 3613635.33485787 1
13480500 3613779.67242516 0
13480500 3614068.34755976 1
13480250 3614212.68512706 0
13480000 3614068.34755976 1
13479750 3614212.68512706 0
13479750 3614501.36026165 1
13479750 3614501.36026165 1
13479500 3614645.69782895 0
13479250 3614501.36026165 1
13479250 3614212.68512705 0
13479000 3614068.34755976 1
13478750 3614212.68512706 0
13478500 3614068.34755976 1
13478500 3613779.67242516 0
13478250 3613635.33485787 1
13478000 3613779.67242517 0
13477750 3613635.33485787 1
13477500 3613779.67242516 0
13477250 3613635.33485787 1
13477250 3613635.33485787 1
13477250 3613635.33485787 1
13477250 3613346.65972327 0
13477000 3613202.32215598 1
13476750 3613346.65972327 0
13476500 3613202.32215598 1
13476250 3613346.65972327 0
13476000 3613202.32215598 1
13476000 3612913.64702138 0
13476000 3612913.64702138 0
13475750 3612769.30945408 1
13475750 3612480.63431949 0
13476000 3612336.29675219 1
13476000 3612336.29675219 1
13476000 3612047.6216176 0
13475750 3611903.2840503 1
13475750 3611614.6089157 0
13475500 3611470.27134841 1
13475250 3611614.60891571 0
13475000 3611470.27134841 1
13475000 3611181.59621381 0
13474750 3611037.25864652 1
13474750 3610748.58351192 0
13474500 3610604.24594462 1
13474250 3610748.58351192 0
13474000 3610604.24594462 1
13473750 3610748.58351192 0
13473750 3610748.58351192 0
13473500 3610604.24594462 1
13473500 3610315.57081003 0
13473250 3610171.23324273 1
13473250 3610171.23324273 1
13473250 3609882.55810814 0
13473500 3609738.22054084 1
13473750 3609882.55810813 0
13474000 3609738.22054084 1
13474000 3609449.54540624 0
13473750 3609305.20783895 1
13473750 3609016.53270436 0
13473500 3608872.19513706 1
13473250 3609016.53270435 0
13473250 3609016.53270435 0
13473250 3609016.53270435 0
13473250 3609305.20783895 1
13473000 3609449.54540624 0
13473000 3609449.54540624 0
13473000 3609738.22054084 1
13472750 3609882.55810813 0
13472750 3610171.23324273 1
13472500 3610315.57081003 0
13472500 3610604.24594462 1
13472250 3610748.58351192 0
13472250 3611037.25864652 1
13472000 3611181.59621381 0
13472000 3611470.27134841 1
13471750 3611614.60891571 0
13471500 3611470.27134841 1
13471250 3611614.6089157 0
13471250 3611614.6089157 0
13471250 3611903.2840503 1
13471000 3612047.62161759 0
13470750 3611903.2840503 1
13470750 3611903.2840503 1
13470750 3611903.2840503 1
13470750 3611614.6089157 0
13470500 3611470.27134841 1
13470250 3611614.6089157 0
13470250 3611614.6089157 0
13470000 3611470.27134841 1
13470000 3611181.59621381 0
13469750 3611037.25864652 1
13469750 3611037.25864652 1
13469750 3610748.58351192 0
13469500 3610604.24594462 1
13469500 3610604.24594462 1
13469250 3610748.58351192 0
13469250 3611037.25864652 1
13469250 3611037.25864652 1
13469250 3611037.25864652 1
13469000 3611181.59621381 0
13469000 3611181.59621381 0
13468750 3611037.25864651 1
13468750 3610748.58351192 0
13468500 3610604.24594462 1
13468500 3610315.57081003 0
13468750 3610171.23324273 1
13468750 3610171.23324273 1
13468750 3609882.55810814 0
13468500 3609738.22054084 1
13468250 3609882.55810813 0
13468250 3609882.55810813 0
13468250 3610171.23324273 1
13468000 3610315.57081003 0
13468000 3610604.24594462 1
13468250 3610748.58351192 0
13468250 3611037.25864651 1
13468000 3611181.59621381 0
13468000 3611470.27134841 1
13468250 3611614.6089157 0
13468250 3611903.2840503 1
13468500 3612047.62161759 0
13468500 3612336.29675219 1
13468750 3612480.63431949 0
13468750 3612769.30945408 1
13469000 3612913.64702138 0
13469000 3612913.64702138 0
13469250 3612769.30945408 1
13469500 3612913.64702138 0
13469500 3613202.32215597 1
13469750 3613346.65972327 0
13469750 3613635.33485787 1
13470000 3613779.67242516 0
13470000 3614068.34755976 1
13470250 3614212.68512705 0
13470500 3614068.34755976 1
13470500 3614068.34755976 1
13470500 3614068.34755976 1
13470250 3614212.68512706 0
13470250 3614501.36026165 1
13470250 3614501.36026165 1
13470500 3614645.69782895 0
13470500 3614934.37296354 1
13470750 3615078.71053084 0
13470750 3615367.38566544 1
13471000 3615511.72323274 0
13471000 3615800.39836733 1
13471000 3615800.39836733 1
13471250 3615944.73593463 0
13471250 3615944.73593463 0
13471250 3616233.41106922 1
13471500 3616377.74863652 0
13471500 3616666.42377111 1
13471250 3616810.76133841 0
13471250 3617099.43647301 1
13471250 3617099.43647301 1
13471000 3617243.77404031 0
13471000 3617532.4491749 1
13471000 3617532.4491749 1
13471000 3617532.4491749 1
13471000 3617532.4491749 1
13471000 3617532.4491749 1
13470750 3617676.7867422 0
13470500 3617532.4491749 1
13470250 3617676.7867422 0
13470000 3617532.4491749 1
13469750 3617676.78674219 0
13469750 3617965.46187679 1
13470000 3618109.79944409 0
13470000 3618109.79944409 0
13470000 3618398.47457868 1
13470000 3618398.47457868 1
13469750 3618542.81214598 0
13469500 3618398.47457868 1
13469500 3618398.47457868 1
13469500 3618398.47457868 1
13469250 3618542.81214598 0
13469000 3618398.47457868 1
13468750 3618542.81214598 0
13468750 3618542.81214598 0
13468500 3618398.47457868 1
13468250 3618542.81214598 0
13468250 3618831.48728057 1
13468250 3618831.48728057 1
13468000 3618975.82484787 0
13468000 3619264.49998247 1
13467750 3619408.83754976 0
13467750 3619697.51268436 1
13468000 3619841.85025166 0
13468000 3619841.85025166 0
13468000 3620130.52538625 1
13468250 3620274.86295355 0
13468250 3620563.53808814 1
13468500 3620707.87565544 0
13468750 3620563.53808814 1
13469000 3620707.87565544 0
13469000 3620996.55079004 1
13469250 3621140.88835734 0
13469250 3621429.56349193 1
13469000 3621573.90105923 0
13469000 3621862.57619382 1
13469250 3622006.91376112 0
13469250 3622295.58889571 1
13469000 3622439.92646301 0
13469000 3622728.60159761 1
13469250 3622872.9391649 0
13469250 3623161.6142995 1
13469000 3623305.9518668 0
13469000 3623594.62700139 1
13469250 3623738.96456869 0
13469250 3624027.63970328 1
13469000 3624171.97727058 0
13469000 3624460.65240517 1
13469250 3624604.98997247 0
13469250 3624893.66510707 1
13469000 3625038.00267436 0
13469000 3625038.00267436 0
13469000 3625326.67780895 1
13468750 3625471.01537625 0
13468750 3625759.69051085 1
13468750 3625759.69051085 1
13469000 3625904.02807815 0
13469000 3626192.70321274 1
13468750 3626337.04078004 0
13468750 3626625.71591463 1
13469000 3626770.05348193 0
13469000 3627058.72861652 1
13468750 3627203.06618382 0
13468750 3627491.74131842 1
13468500 3627636.07888572 0
13468500 3627924.75402031 1
13468250 3628069.09158761 0
13468250 3628357.76672221 1
13468500 3628502.1042895 0
13468500 3628502.1042895 0
13468500 3628790.7794241 1
13468250 3628935.11699139 0
13468250 3629223.79212599 1
13468500 3629368.12969329 0
13468750 3629223.79212599 1
13469000 3629368.12969328 0
13469000 3629368.12969328 0
13469250 3629223.79212598 1
13469500 3629368.12969328 0
13469500 3629656.80482788 1
13469250 3629801.14239518 0
13469250 3630089.81752978 1
13469500 3630234.15509707 0
13469500 3630234.15509707 0
13469500 3630522.83023166 1
13469250 3630667.16779896 0
13469000 3630522.83023166 1
13469000 3630522.83023166 1
13469250 3630667.16779896 0
13469250 3630955.84293355 1
13469000 3631100.18050085 0
13469000 3631388.85563545 1
13468750 3631533.19320275 0
13468750 3631821.86833734 1
13468500 3631966.20590464 0
13468500 3632254.88103923 1
13468500 3632254.88103923 1
13468500 3632254.88103923 1
13468250 3632399.21860653 0
13468000 3632254.88103923 1
13468250 3632399.21860653 0
13468250 3632687.89374112 1
13468000 3632832.23130842 0
13468000 3633120.90644302 1
13468250 3633265.24401031 0
13468250 3633265.24401031 0
13468250 3633553.91914491 1
13468000 3633698.25671221 0
13468000 3633986.9318468 1
13468250 3634131.2694141 0
13468250 3634419.94454869 1
13468000 3634564.28211599 0
13468000 3634852.95725058 1
13467750 3634997.29481788 0
13467500 3634852.95725058 1
13467250 3634997.29481788 0
13467000 3634852.95725058 1
13466750 3634997.29481788 0
13466750 3635285.96995247 1
13466500 3635430.30751977 0
13466250 3635285.96995247 1
13466000 3635430.30751977 0
13465750 3635285.96995247 1
13465500 3635430.30751977 0
13465250 3635285.96995248 1
13465000 3635430.30751978 0
13464750 3635285.96995248 1
13465000 3635430.30751978 0
13465000 3635718.98265437 1
13465000 3635718.98265437 1
13465000 3635718.98265437 1
13464750 3635863.32022167 0
13464750 3635863.32022167 0
13464750 3636151.99535627 1
13464500 3636296.33292356 0
13464500 3636585.00805816 1
13464250 3636729.34562545 0
13464250 3637018.02076005 1
13464000 3637162.35832735 0
13463750 3637018.02076005 1
13463500 3637162.35832735 0
13463250 3637018.02076005 1
13463250 3636729.34562546 0
13463000 3636585.00805816 1
13463000 3636296.33292356 0
13463250 3636151.99535626 1
13463500 3636296.33292356 0
13463750 3636151.99535626 1
13463750 3635863.32022167 0
13463500 3635718.98265437 1
13463500 3635430.30751978 0
13463250 3635285.96995248 1
13463000 3635430.30751978 0
13462750 3635285.96995248 1
13462500 3635430.30751978 0
13462250 3635285.96995248 1
13462000 3635430.30751978 0
13461750 3635285.96995248 1
13461500 3635430.30751978 0
13461250 3635285.96995248 1
13461000 3635430.30751978 0
13460750 3635285.96995248 1
13460500 3635430.30751978 0
13460250 3635285.96995248 1
13460000 3635430.30751978 0
13459750 3635285.96995248 1
13459500 3635430.30751978 0
13459250 3635285.96995248 1
13459000 3635430.30751978 0
13458750 3635285.96995248 1
13458500 3635430.30751978 0
13458250 3635285.96995248 1
13458000 3635430.30751978 0
13458000 3635718.98265438 1
13458250 3635863.32022167 0
13458250 3636151.99535627 1
13458000 3636296.33292357 0
13458000 3636585.00805816 1
13458250 3636729.34562546 0
13458250 3637018.02076005 1
13458000 3637162.35832735 0
13458000 3637451.03346194 1
13458250 3637595.37102924 0
13458250 3637884.04616384 1
13458000 3638028.38373113 0
13458000 3638317.05886572 1
13457750 3638461.39643302 0
13457750 3638750.07156761 1
13458000 3638894.40913491 0
13458000 3639183.08426951 1
13457750 3639327.42183681 0
13457750 3639616.09697141 1
13457500 3639760.4345387 0
13457500 3640049.1096733 1
13457750 3640193.44724059 0
13457750 3640482.12237519 1
13457500 3640626.45994249 0
13457500 3640915.13507708 1
13457750 3641059.47264438 0
13457750 3641348.14777897 1
13457500 3641492.48534627 0
13457500 3641781.16048087 1
13457750 3641925.49804816 0
13457750 3642214.17318276 1
13457500 3642358.51075006 0
13457500 3642647.18588465 1
13457750 3642791.52345194 0
13457750 3643080.19858654 1
13458000 3643224.53615384 0
13458250 3643080.19858654 1
13458500 3643224.53615384 0
13458500 3643513.21128843 1
13458250 3643657.54885573 0
13458000 3643513.21128843 1
13457750 3643657.54885573 0
13457750 3643946.22399032 1
13457500 3644090.56155762 0
13457500 3644379.23669221 1
13457250 3644523.57425951 0
13457250 3644812.24939411 1
13457000 3644956.58696141 0
13457000 3645245.262096 1
13456750 3645389.5996633 0
13456500 3645245.262096 1
13456250 3645389.5996633 0
13456000 3645245.262096 1
13455750 3645389.5996633 0
13455500 3645245.262096 1
13455250 3645389.5996633 0
13455250 3645678.27479789 1
13455500 3645822.61236519 0
13455500 3646111.28749978 1
13455250 3646255.62506708 0
13455000 3646111.28749978 1
13454750 3646255.62506708 0
13454500 3646111.28749978 1
13454500 3645822.61236518 0
13454250 3645678.27479789 1
13454000 3645822.61236519 0
13454000 3646111.28749979 1
13453750 3646255.62506708 0
13453500 3646111.28749978 1
13453250 3646255.62506708 0
13453000 3646111.28749978 1
13453250 3646255.62506708 0
13453250 3646544.30020167 1
13453000 3646688.63776897 0
13453000 3646977.31290357 1
13453250 3647121.65047087 0
13453250 3647410.32560547 1
13453500 3647554.66317276 0
13453750 3647410.32560546 1
13454000 3647554.66317276 0
13454000 3647843.33830735 1
13454250 3647987.67587465 0
13454250 3648276.35100924 1
13454500 3648420.68857654 0
13454500 3648709.36371114 1
13454750 3648853.70127843 0
13454750 3649142.37641303 1
13455000 3649286.71398033 0
13455000 3649575.38911492 1
13454750 3649719.72668222 0
13454750 3650008.40181682 1
13455000 3650152.73938411 0
13455000 3650441.41451871 1
13455250 3650585.752086 0
13455500 3650441.41451871 1
13455750 3650585.75208601 0
13455750 3650874.4272206 1
13456000 3651018.7647879 0
13456250 3650874.4272206 1
13456500 3651018.7647879 0
13456750 3650874.4272206 1
13457000 3651018.7647879 0
13457250 3650874.4272206 1
13457250 3650874.4272206 1
13457500 3651018.7647879 0
13457750 3650874.4272206 1
13457750 3650585.75208601 0
13458000 3650441.41451871 1
13458250 3650585.752086 0
13458500 3650441.4145187 1
13458750 3650585.752086 0
13459000 3650441.4145187 1
13459250 3650585.752086 0
13459500 3650441.4145187 1
13459750 3650585.752086 0
13459750 3650874.42722059 1
13460000 3651018.76478789 0
13460250 3650874.4272206 1
13460500 3651018.7647879 0
13460500 3651307.43992249 1
13460750 3651451.77748979 0
13461000 3651307.43992249 1
13461250 3651451.77748979 0
13461500 3651307.43992249 1
13461750 3651451.77748979 0
13462000 3651307.43992249 1
13462250 3651451.77748979 0
13462500 3651307.43992249 1
13462750 3651451.77748979 0
13463000 3651307.43992249 1
13463250 3651451.77748979 0
13463500 3651307.43992249 1
13463750 3651451.77748979 0
13464000 3651307.43992249 1
13464250 3651451.77748979 0
13464500 3651307.43992249 1
13464750 3651451.77748979 0
13465000 3651307.43992249 1
13465000 3651018.7647879 0
13465250 3650874.4272206 1
13465500 3651018.7647879 0
13465750 3650874.4272206 1
13466000 3651018.7647879 0
13466250 3650874.4272206 1
13466250 3650585.75208601 0
13466500 3650441.41451871 1
13466750 3650585.752086 0
13467000 3650441.4145187 1
13467250 3650585.752086 0
13467250 3650874.42722059 1
13467500 3651018.76478789 0
13467750 3650874.42722059 1
13468000 3651018.7647879 0
13468250 3650874.4272206 1
13468500 3651018.7647879 0
13468750 3650874.4272206 1
13469000 3651018.7647879 0
13469000 3651307.43992249 1
13469250 3651451.77748979 0
13469500 3651307.43992249 1
13469750 3651451.77748979 0
13470000 3651307.43992249 1
13470250 3651451.77748979 0
13470500 3651307.43992249 1
13470750 3651451.77748979 0
13471000 3651307.43992249 1
13471250 3651451.77748979 0
13471500 3651307.43992249 1
13471750 3651451.77748979 0
13471750 3651740.45262438 1
13471500 3651884.79019168 0
13471500 3651884.79019168 0
13471500 3651884.79019168 0
13471500 3651884.79019168 0
13471750 3651740.45262438 1
13472000 3651884.79019168 0
13472000 3651884.79019168 0
13472250 3651740.45262438 1
13472500 3651884.79019168 0
13472750 3651740.45262438 1
13473000 3651884.79019168 0
13473000 3651884.79019168 0
13472750 3651740.45262438 1
13472750 3651451.77748979 0
13473000 3651307.43992249 1
13473250 3651451.77748979 0
13473500 3651307.43992249 1
13473500 3651018.7647879 0
13473500 3651018.7647879 0
13473500 3651307.43992249 1
13473750 3651451.77748979 0
13473750 3651740.45262439 1
13474000 3651884.79019168 0
13474000 3652173.46532628 1
13474250 3652317.80289357 0
13474250 3652606.47802817 1
13474000 3652750.81559546 0
13474000 3653039.49073006 1
13474250 3653183.82829736 0
13474500 3653039.49073006 1
13474500 3652750.81559546 0
13474750 3652606.47802817 1
13475000 3652750.81559547 0
13475250 3652606.47802817 1
13475500 3652750.81559547 0
13475500 3653039.49073006 1
13475750 3653183.82829736 0
13476000 3653039.49073006 1
13476250 3653183.82829736 0
13476500 3653039.49073006 1
13476750 3653183.82829736 0
13477000 3653039.49073006 1
13477000 3653039.49073006 1
13477250 3653183.82829736 0
13477250 3653472.50343195 1
13477500 3653616.84099925 0
13477500 3653616.84099925 0
13477500 3653905.51613384 1
13477750 3654049.85370114 0
13477750 3654338.52883574 1
13477500 3654482.86640303 0
13477500 3654771.54153763 1
13477750 3654915.87910493 0
13477750 3655204.55423953 1
13477500 3655348.89180682 0
13477500 3655637.56694142 1
13477250 3655781.90450871 0
13477250 3656070.57964331 1
13477000 3656214.91721061 0
13477000 3656503.5923452 1
13476750 3656647.92991249 0
13476750 3656936.60504708 1
13477000 3657080.94261439 0
13477000 3657369.61774899 1
13476750 3657513.95531628 0
13476750 3657802.63045087 1
13476500 3657946.96801817 0
13476500 3658235.64315276 1
13476750 3658379.98072006 0
13476750 3658668.65585466 1
13476500 3658812.99342195 0
13476500 3659101.66855655 1
13476250 3659246.00612384 0
13476250 3659534.68125844 1
13476500 3659679.01882574 0
13476500 3659967.69396033 1
13476250 3660112.03152763 0
13476250 3660400.70666222 1
13476500 3660545.04422952 0
13476500 3660833.71936412 1
13476250 3660978.05693141 0
13476250 3661266.73206601 1
13476000 3661411.06963331 0
13476000 3661699.7447679 1
13476250 3661844.0823352 0
13476250 3662132.75746979 1
13476000 3662277.09503709 0
13476250 3662132.7574698 1
13476000 3662277.0950371 0
13476000 3662565.77017169 1
13476250 3662710.10773899 0
13476250 3662998.78287358 1
13476000 3663143.12044088 0
13476000 3663431.79557548 1
13476250 3663576.13314277 0
13476250 3663864.80827737 1
13476000 3664009.14584467 0
13476000 3664297.82097926 1
13476250 3664442.15854656 0
13476250 3664730.83368116 1
13476000 3664875.17124845 0
13476000 3665163.84638304 1
13475750 3665308.18395034 0
13475750 3665596.85908493 1
13476000 3665741.19665223 0
13476000 3666029.87178682 1
13475750 3666174.20935412 0
13475750 3666462.88448871 1
13476000 3666607.22205601 0
13476000 3666895.89719061 1
13475750 3667040.23475791 0
13475750 3667328.90989251 1
13475500 3667473.2474598 0
13475500 3667761.9225944 1
13475500 3667761.9225944 1
13475750 3667906.26016169 0
13476000 3667761.92259439 1
13476250 3667906.26016169 0
13476500 3667761.9225944 1
13476750 3667906.2601617 0
13477000 3667761.9225944 1
13477250 3667906.2601617 0
13477250 3668194.93529629 1
13477500 3668339.27286359 0
13477750 3668194.93529629 1
13478000 3668339.27286358 0
13478000 3668627.94799817 1
13478250 3668772.28556548 0
13478250 3669060.96070008 1
13478000 3669205.29826737 0
13478000 3669493.97340197 1
13478250 3669638.31096926 0
13478250 3669926.98610386 1
13478500 3670071.32367115 0
13478500 3670359.99880575 1
13478250 3670504.33637304 0
13478250 3670793.01150764 1
13478500 3670937.34907494 0
13478750 3670793.01150764 1
13478750 3670504.33637305 0
13479000 3670359.99880575 1
13479250 3670504.33637304 0
13479500 3670359.99880575 1
13479500 3670071.32367116 0
13479750 3669926.98610386 1
13479750 3669638.31096926 0
13480000 3669493.97340196 1
13480000 3669205.29826737 0
13480250 3669060.96070007 1
13480250 3668772.28556548 0
13480250 3668772.28556548 0
13480250 3669060.96070008 1
13480500 3669205.29826737 0
13480750 3669060.96070007 1
13480750 3669060.96070007 1
13481000 3669205.29826737 0
13481000 3669493.97340196 1
13481250 3669638.31096926 0
13481250 3669926.98610386 1
13481500 3670071.32367115 0
13481500 3670071.32367115 0
13481500 3670071.32367115 0
13481500 3670359.99880575 1
13481750 3670504.33637304 0
13482000 3670359.99880575 1
13482000 3670071.32367115 0
13482000 3670071.32367115 0
13482250 3669926.98610385 1
13482500 3670071.32367115 0
13482750 3669926.98610385 1
13483000 3670071.32367115 0
13483250 3669926.98610386 1
13483250 3669638.31096926 0
13483000 3669493.97340196 1
13483250 3669638.31096926 0
13483500 3669493.97340196 1
13483500 3669205.29826737 0
13483750 3669060.96070007 1
13484000 3669205.29826737 0
13484250 3669060.96070007 1
13484500 3669205.29826737 0
13484750 3669060.96070007 1
13484750 3668772.28556548 0
13485000 3668627.94799818 1
13485250 3668772.28556548 0
13485250 3669060.96070007 1
13485500 3669205.29826737 0
13485750 3669060.96070007 1
13486000 3669205.29826737 0
13486250 3669060.96070007 1
13486500 3669205.29826737 0
13486500 3669493.97340196 1
13486250 3669638.31096926 0
13486500 3669493.97340196 1
13486250 3669638.31096926 0
13486250 3669926.98610385 1
13486000 3670071.32367115 0
13486000 3670359.99880574 1
13486250 3670504.33637304 0
13486250 3670793.01150764 1
13486000 3670937.34907493 0
13486000 3671226.02420953 1
13485750 3671370.36177683 0
13485750 3671659.03691143 1
13485500 3671803.37447872 0
13485500 3672092.04961332 1
13485250 3672236.38718061 0
13485250 3672525.06231521 1
13485000 3672669.3998825 0
13485000 3672958.0750171 1
13484750 3673102.4125844 0
13484750 3673102.4125844 0
13484500 3672958.0750171 1
13484500 3672669.39988251 0
13484250 3672525.06231521 1
13484250 3672236.38718061 0
13484000 3672092.04961331 1
13483750 3672236.38718061 0
13483750 3672525.06231521 1
13483500 3672669.39988251 0
13483250 3672525.06231521 1
13483500 3672669.39988251 0
13483500 3672958.0750171 1
13483250 3673102.4125844 0
13483250 3673391.087719 1
13483000 3673535.42528629 0
13483000 3673824.10042089 1
13483250 3673968.43798819 0
13483250 3674257.11312278 1
13483000 3674401.45069008 0
13483000 3674690.12582467 1
13483250 3674834.46339197 0
13483250 3675123.13852656 1
13483500 3675267.47609386 0
13483500 3675556.15122845 1
13483750 3675700.48879575 0
13483750 3675700.48879575 0
13483750 3675989.16393035 1
13483750 3675989.16393035 1
13483500 3676133.50149765 0
13483500 3676422.17663224 1
13483750 3676566.51419954 0
13483750 3676855.18933414 1
13483500 3676999.52690143 0
13483500 3677288.20203603 1
13483750 3677432.53960333 0
13483750 3677721.21473792 1
13483500 3677865.55230521 0
13483250 3677721.21473792 1
13483000 3677865.55230522 0
13482750 3677721.21473792 1
13482500 3677865.55230521 0
13482250 3677721.21473791 1
13482000 3677865.55230521 0
13482000 3678154.22743981 1
13482250 3678298.56500711 0
13482250 3678587.24014171 1
13482000 3678731.577709 0
13482000 3679020.25284359 1
13482000 3679020.25284359 1
13481750 3679164.59041089 0
13481500 3679020.25284359 1
13481250 3679164.59041089 0
13481000 3679020.25284359 1
13481000 3678731.577709 0
13481000 3679020.2528436 1
13481250 3679164.59041089 0
13481250 3679453.26554549 1
13481000 3679597.60311279 0
13481000 3679886.27824738 1
13481250 3680030.61581467 0
13481250 3680319.29094927 1
13481500 3680463.62851657 0
13481500 3680752.30365116 1
13481750 3680896.64121846 0
13482000 3680752.30365116 1
13482250 3680896.64121846 0
13482250 3680896.64121846 0
13482250 3681185.31635306 1
13482000 3681329.65392035 0
13482000 3681618.32905495 1
13481750 3681762.66662224 0
13481500 3681618.32905495 1
13481750 3681762.66662225 0
13482000 3681618.32905495 1
13482250 3681762.66662225 0
13482250 3682051.34175684 1
13482500 3682195.67932414 0
13482500 3682195.67932414 0
13482750 3682051.34175684 1
13482750 3682051.34175684 1
13482750 3682051.34175684 1
13483000 3682195.67932414 0
13483250 3682051.34175684 1
13483500 3682195.67932414 0
13483500 3682484.35445873 1
13483750 3682628.69202603 0
13484000 3682484.35445873 1
13484250 3682628.69202603 0
13484250 3682917.36716062 1
13484500 3683061.70472792 0
13484750 3682917.36716062 1
13485000 3683061.70472792 0
13485000 3683350.37986251 1
13485250 3683494.71742981 0
13485500 3683350.37986252 1
13485750 3683494.71742981 0
13485750 3683783.39256441 1
13485500 3683927.7301317 0
13485250 3683783.3925644 1
13485000 3683927.7301317 0
13485000 3684216.4052663 1
13485250 3684360.7428336 0
13485500 3684216.4052663 1
13485750 3684360.7428336 0
13486000 3684216.4052663 1
13485750 3684360.7428336 0
13485750 3684649.41796819 1
13485500 3684793.75553549 0
13485500 3685082.43067008 1
13485750 3685226.76823738 0
13485750 3685515.44337197 1
13486000 3685659.78093927 0
13486250 3685515.44337197 1
13486500 3685659.78093927 0
13486500 3685948.45607386 1
13486750 3686092.79364117 0
13486750 3686381.46877577 1
13486500 3686525.80634306 0
13486250 3686381.46877576 1
13486000 3686525.80634306 0
13486000 3686814.48147765 1
13486000 3686814.48147765 1
13485750 3686958.81904495 0
13485750 3687247.49417954 1
13486000 3687391.83174684 0
13486000 3687391.83174684 0
13486000 3687391.83174684 0
13485750 3687247.49417954 1
13485750 3687247.49417954 1
13485500 3687391.83174684 0
13485500 3687680.50688144 1
13485250 3687824.84444873 0
13485250 3688113.51958332 1
13485500 3688257.85715062 0
13485750 3688113.51958333 1
13485750 3687824.84444874 0
13486000 3687680.50688144 1
13486250 3687824.84444873 0
13486250 3688113.51958332 1
13486500 3688257.85715062 0
13486750 3688113.51958332 1
13487000 3688257.85715063 0
13487000 3688546.53228523 1
13487250 3688690.86985252 0
13487250 3688979.54498712 1
13487500 3689123.88255441 0
13487500 3689412.55768901 1
13487250 3689556.8952563 0
13487000 3689412.55768901 1
13486750 3689556.8952563 0
13486500 3689412.557689 1
13486250 3689556.8952563 0
13486000 3689412.55768901 1
13485750 3689556.8952563 0
13485750 3689845.5703909 1
13485500 3689989.90795819 0
13485250 3689845.5703909 1
13485000 3689989.9079582 0
13485000 3690278.58309279 1
13485250 3690422.92066009 0
13485250 3690711.59579468 1
13485500 3690855.93336198 0
13485500 3691144.60849657 1
13485750 3691288.94606387 0
13486000 3691144.60849658 1
13486250 3691288.94606388 0
13486250 3691577.62119847 1
13486500 3691721.95876576 0
13486750 3691577.62119846 1
13486750 3691288.94606387 0
13487000 3691144.60849657 1
13487250 3691288.94606387 0
13487250 3691577.62119846 1
13487500 3691721.95876576 0
13487750 3691577.62119846 1
13488000 3691721.95876576 0
13488250 3691577.62119846 1
13488500 3691721.95876576 0
13488750 3691577.62119847 1
13489000 3691721.95876577 0
13489250 3691577.62119847 1
13489500 3691721.95876577 0
13489500 3692010.63390036 1
13489750 3692154.97146766 0
13489750 3692443.64660225 1
13490000 3692587.98416955 0
13490000 3692876.65930414 1
13489750 3693020.99687144 0
13489750 3693309.67200604 1
13490000 3693454.00957333 0
13490250 3693309.67200603 1
13490500 3693454.00957333 0
13490500 3693742.68470792 1
13490750 3693887.02227522 0
13491000 3693742.68470792 1
13491250 3693887.02227522 0
13491250 3694175.69740982 1
13491500 3694320.03497711 0
13491500 3694608.71011171 1
13491750 3694753.04767901 0
13492000 3694608.71011171 1
13492250 3694753.04767901 0
13492250 3695041.7228136 1
13492500 3695186.0603809 0
13492750 3695041.7228136 1
13493000 3695186.0603809 0
13492750 3695041.7228136 1
13493000 3695186.0603809 0
13493250 3695041.7228136 1
13493250 3694753.04767901 0
13493500 3694608.71011171 1
13493750 3694753.04767901 0
13494000 3694608.71011171 1
13494250 3694753.04767901 0
13494250 3695041.7228136 1
13494500 3695186.0603809 0
13494750 3695041.7228136 1
13494500 3695186.0603809 0
13494500 3695474.73551549 1
13494750 3695619.07308279 0
13494750 3695907.74821739 1
13494500 3696052.08578469 0
13494750 3695907.74821739 1
13495000 3696052.08578469 0
13495000 3696340.76091928 1
13495250 3696485.09848658 0
13495250 3696773.77362117 1
13495000 3696918.11118847 0
13495000 3697206.78632307 1
13495000 3697206.78632307 1
13495250 3697351.12389036 0
13495250 3697351.12389036 0
13495500 3697206.78632306 1
13495500 3696918.11118847 0
13495500 3697206.78632307 1
13495750 3697351.12389036 0
13496000 3697206.78632307 1
13496000 3696918.11118847 0
13496250 3696773.77362117 1
13496250 3696485.09848657 0
13496000 3696340.76091928 1
13496000 3696052.08578468 0
13496250 3695907.74821739 1
13496250 3695619.07308279 0
13496500 3695474.7355155 1
13496500 3695186.0603809 0
13496750 3695041.7228136 1
13497000 3695186.0603809 0
13497250 3695041.7228136 1
13497500 3695186.0603809 0
13497500 3695186.0603809 0
13497750 3695041.7228136 1
13498000 3695186.0603809 0
13498000 3695474.73551549 1
13498250 3695619.07308279 0
13498250 3695907.74821739 1
13498250 3695907.74821739 1
13498500 3696052.08578469 0
13498750 3695907.74821739 1
13499000 3696052.08578469 0
13499000 3696340.76091928 1
13499000 3696052.08578468 0
13499250 3695907.74821739 1
13499500 3696052.08578469 0
13499750 3695907.74821739 1
13500000 3696052.08578469 0
13500000 3696340.76091928 1
13500250 3696485.09848658 0
13500250 3696773.77362117 1
13500500 3696918.11118847 0
13500750 3696773.77362117 1
13501000 3696918.11118847 0
13501250 3696773.77362117 1
13501250 3696773.77362117 1
13501250 3696773.77362117 1
13501500 3696918.11118847 0
13501500 3697206.78632306 1
13501750 3697351.12389036 0
13502000 3697206.78632306 1
13502250 3697351.12389036 0
13502500 3697206.78632307 1
13502750 3697351.12389037 0
13502750 3697639.79902496 1
13502500 3697784.13659226 0
13502500 3698072.81172685 1
13502750 3698217.14929415 0
13502750 3698505.82442874 1
13503000 3698650.16199604 0
13503250 3698505.82442874 1
13503500 3698650.16199604 0
13503500 3698938.83713064 1
13503500 3698650.16199605 0
13503750 3698505.82442875 1
13503750 3698217.14929415 0
13504000 3698072.81172685 1
13504250 3698217.14929415 0
13504250 3698505.82442875 1
13504500 3698650.16199604 0
13504500 3698938.83713064 1
13504500 3698650.16199604 0
13504750 3698505.82442874 1
13504750 3698217.14929415 0
13505000 3698072.81172685 1
13505250 3698217.14929415 0
13505250 3698505.82442874 1
13505250 3698505.82442874 1
13505500 3698650.16199604 0
13505750 3698505.82442874 1
13506000 3698650.16199604 0
13506000 3698938.83713063 1
13506250 3699083.17469793 0
13506500 3698938.83713064 1
13506750 3699083.17469794 0
13506750 3699371.84983253 1
13507000 3699516.18739983 0
13507250 3699371.84983253 1
13507500 3699516.18739983 0
13507500 3699804.86253442 1
13507750 3699949.20010172 0
13507750 3700237.87523632 1
13508000 3700382.21280361 0
13508000 3700670.88793821 1
13508250 3700815.2255055 0
13508500 3700670.8879382 1
13508750 3700815.2255055 0
13508750 3701103.9006401 1
13509000 3701248.23820739 0
13509000 3701536.91334199 1
13509250 3701681.25090929 0
13509500 3701536.91334199 1
13509750 3701681.25090929 0
13509750 3701969.92604388 1
13510000 3702114.26361118 0
13510000 3702402.93874577 1
13510250 3702547.27631307 0
13510500 3702402.93874577 1
13510750 3702547.27631307 0
13510750 3702835.95144767 1
13511000 3702980.28901496 0
13511000 3703268.96414956 1
13511250 3703413.30171685 0
13511500 3703268.96414956 1
13511750 3703413.30171685 0
13511750 3703701.97685145 1
13512000 3703846.31441875 0
13512000 3704134.98955334 1
13511750 3704279.32712064 0
13511500 3704134.98955334 1
13511250 3704279.32712064 0
13511250 3704568.00225524 1
13511000 3704712.33982253 0
13510750 3704568.00225524 1
13510500 3704712.33982253 0
13510500 3705001.01495713 1
13510250 3705145.35252442 0
13510250 3705434.02765901 1
13510000 3705578.36522631 0
13509750 3705434.02765901 1
13509500 3705578.36522631 0
13509500 3705867.04036091 1
13509250 3706011.3779282 0
13509000 3705867.04036091 1
13508750 3706011.3779282 0
13508750 3706300.0530628 1
13508500 3706444.3906301 0
13508250 3706300.0530628 1
13508000 3706444.3906301 0
13508000 3706733.06576469 1
13507750 3706877.40333199 0
13507750 3707166.07846658 1
13507500 3707310.41603388 0
13507250 3707166.07846658 1
13507000 3707310.41603388 0
13507000 3707599.09116847 1
13506750 3707743.42873577 0
13506500 3707599.09116847 1
13506250 3707743.42873577 0
13506250 3708032.10387037 1
13506000 3708176.44143767 0
13506000 3708465.11657227 1
13505750 3708609.45413956 0
13505500 3708465.11657226 1
13505250 3708609.45413956 0
13505250 3708898.12927416 1
13505000 3709042.46684145 0
13504750 3708898.12927416 1
13504500 3709042.46684146 0
13504500 3709331.14197605 1
13504250 3709475.47954335 0
13504250 3709764.15467794 1
13504000 3709908.49224524 0
13504000 3710197.16737984 1
13503750 3710341.50494713 0
13503750 3710630.18008173 1
13503500 3710774.51764903 0
13503500 3711063.19278362 1
13503250 3711207.53035092 0
13503000 3711063.19278362 1
13502750 3711207.53035092 0
13502750 3711496.20548551 1
13502500 3711640.54305281 0
13502500 3711929.21818741 1
13502250 3712073.5557547 0
13502250 3712362.23088929 1
13502000 3712506.56845659 0
13502000 3712795.24359118 1
13501750 3712939.58115848 0
13501750 3713228.25629307 1
13501500 3713372.59386037 0
13501500 3713661.26899497 1
13501250 3713805.60656226 0
13501250 3714094.28169686 1
13501000 3714238.61926416 0
13500750 3714094.28169686 1
13500500 3714238.61926416 0
13500500 3714527.29439875 1
13500250 3714671.63196605 0
13500250 3714960.30710064 1
13500000 3715104.64466794 0
13500000 3715393.31980254 1
13499750 3715537.65736983 0
13499750 3715826.33250443 1
13499500 3715970.67007173 0
13499500 3716259.34520632 1
13499250 3716403.68277362 0
13499000 3716259.34520632 1
13498750 3716403.68277362 0
13498750 3716692.35790821 1
13498500 3716836.69547551 0
13498500 3717125.37061011 1
13498250 3717269.70817741 0
13498250 3717558.383312 1
13498000 3717702.7208793 0
13497750 3717558.383312 1
13497500 3717702.7208793 0
13497500 3717991.39601389 1
13497250 3718135.73358119 0
13497250 3718424.40871579 1
13497000 3718568.74628308 0
13497000 3718857.42141768 1
13496750 3719001.75898498 0
13496500 3718857.42141768 1
13496250 3719001.75898498 0
13496250 3719290.43411957 1
13496000 3719434.77168687 0
13496000 3719723.44682146 1
13495750 3719867.78438876 0
13495500 3719723.44682146 1
13495250 3719867.78438876 0
13495250 3720156.45952335 1
13495000 3720300.79709065 0
13495000 3720589.47222525 1
13494750 3720733.80979254 0
13494500 3720589.47222525 1
13494250 3720733.80979254 0
13494250 3721022.48492714 1
13494000 3721166.82249444 0
13494000 3721455.49762903 1
13493750 3721599.83519633 0
13493500 3721455.49762903 1
13493250 3721599.83519633 0
13493250 3721888.51033092 1
13493000 3722032.84789822 0
13492750 3721888.51033092 1
13492500 3722032.84789822 0
13492500 3722321.52303282 1
13492250 3722465.86060011 0
13492250 3722754.53573471 1
13492000 3722898.87330201 0
13491750 3722754.53573471 1
13491500 3722898.87330201 0
13491500 3723187.5484366 1
13491250 3723331.8860039 0
13491250 3723620.56113849 1
13491000 3723764.89870579 0
13490750 3723620.56113849 1
13490500 3723764.89870579 0
13490500 3724053.57384038 1
13490250 3724197.91140768 0
13490000 3724053.57384038 1
13489750 3724197.91140768 0
13489750 3724486.58654228 1
13489500 3724630.92410957 0
13489500 3724919.59924417 1
13489250 3725063.93681147 0
13489000 3724919.59924417 1
13488750 3725063.93681147 0
13488750 3725352.61194606 1
13488500 3725496.94951336 0
13488250 3725352.61194606 1
13488000 3725496.94951336 0
13488000 3725785.62464795 1
13487750 3725929.96221525 0
13487750 3726218.63734984 1
13487500 3726362.97491714 0
13487250 3726218.63734984 1
13487000 3726362.97491714 0
13487000 3726651.65005174 1
13486750 3726795.98761903 0
13486750 3727084.66275363 1
13486500 3727229.00032093 0
13486250 3727084.66275363 1
13486000 3727229.00032093 0
13486000 3727517.67545552 1
13485750 3727662.01302282 0
13485500 3727517.67545552 1
13485250 3727662.01302282 0
13485250 3727950.68815741 1
13485000 3728095.02572471 0
13485000 3728383.7008593 1
13484750 3728528.0384266 0
13484500 3728383.7008593 1
13484250 3728528.0384266 0
13484250 3728816.7135612 1
13484000 3728961.05112849 0
13484000 3729249.72626309 1
13483750 3729394.06383039 0
13483500 3729249.72626309 1
13483250 3729394.06383039 0
13483250 3729682.73896498 1
13483000 3729827.07653228 0
13482750 3729682.73896498 1
13482500 3729827.07653228 0
13482500 3730115.75166687 1
13482250 3730260.08923417 0
13482250 3730548.76436877 1
13482000 3730693.10193606 0
13482000 3730981.77707066 1
13481750 3731126.11463795 0
13481500 3730981.77707066 1
13481250 3731126.11463795 0
13481250 3731414.78977255 1
13481000 3731559.12733985 0
13481000 3731847.80247444 1
13480750 3731992.14004174 0
13480500 3731847.80247444 1
13480250 3731992.14004174 0
13480250 3732280.81517634 1
13480500 3732425.15274364 0
13480500 3732713.82787823 1
13480750 3732858.16544553 0
13481000 3732713.82787823 1
13481250 3732858.16544553 0
13481250 3733146.84058012 1
13481500 3733291.17814742 0
13481750 3733146.84058012 1
13482000 3733291.17814742 0
13482000 3733579.85328201 1
13482250 3733724.19084931 0
13482250 3734012.8659839 1
13482500 3734157.2035512 0
13482750 3734012.8659839 1
13483000 3734157.2035512 0
13483000 3734445.87868579 1
13483250 3734590.21625309 0
13483500 3734445.87868579 1
13483750 3734590.21625309 0
13483750 3734878.89138769 1
13484000 3735023.22895499 0
13484250 3734878.89138769 1
13484500 3735023.22895499 0
13484500 3735311.90408958 1
13484750 3735456.24165688 0
13484750 3735744.91679147 1
13485000 3735889.25435877 0
13485250 3735744.91679147 1
13485500 3735889.25435877 0
13485500 3736177.92949337 1
13485750 3736322.26706066 0
13486000 3736177.92949337 1
13486250 3736322.26706066 0
13486250 3736610.94219526 1
13486500 3736755.27976256 0
13486750 3736610.94219526 1
13487000 3736755.27976256 0
13487000 3737043.95489715 1
13487250 3737188.29246445 0
13487250 3737476.96759904 1
13487500 3737621.30516634 0
13487750 3737476.96759904 1
13488000 3737621.30516634 0
13488000 3737909.98030093 1
13488250 3738054.31786823 0
13488500 3737909.98030093 1
13488750 3738054.31786823 0
13488750 3738342.99300283 1
13489000 3738487.33057012 0
13489250 3738342.99300283 1
13489500 3738487.33057012 0
13489500 3738776.00570472 1
13489750 3738920.34327202 0
13489750 3739209.01840662 1
13490000 3739353.35597391 0
13490250 3739209.01840661 1
13490500 3739353.35597391 0
13490500 3739642.03110851 1
13490750 3739786.3686758 0
13491000 3739642.03110851 1
13491250 3739786.3686758 0
13491250 3740075.0438104 1
13491500 3740219.3813777 0
13491500 3740508.05651229 1
13491750 3740652.39407959 0
13492000 3740508.05651229 1
13492250 3740652.39407959 0
13492250 3740941.06921418 1
13492500 3741085.40678148 0
13492500 3741374.08191608 1
13492750 3741518.41948337 0
13493000 3741374.08191607 1
13493250 3741518.41948337 0
13493250 3741807.09461797 1
13493500 3741951.43218526 0
13493500 3742240.10731986 1
13493750 3742384.44488715 0
13493750 3742673.12002175 1
13494000 3742817.45758904 0
13494250 3742673.12002174 1
13494500 3742817.45758904 0
13494500 3743106.13272364 1
13494750 3743250.47029093 0
13495000 3743106.13272364 1
13495250 3743250.47029094 0
13495250 3743539.14542553 1
13495500 3743683.48299283 0
13495750 3743539.14542553 1
13496000 3743683.48299283 0
13496000 3743972.15812743 1
13496250 3744116.49569472 0
13496500 3743972.15812743 1
13496750 3744116.49569472 0
13496750 3744405.17082932 1
13497000 3744549.50839662 0
13497250 3744405.17082932 1
13497500 3744549.50839662 0
13497500 3744838.18353121 1
13497750 3744982.52109851 0
13498000 3744838.18353121 1
13498250 3744982.52109851 0
13498500 3744838.18353121 1
13498750 3744982.52109851 0
13499000 3744838.18353121 1
13499250 3744982.52109851 0
13499500 3744838.18353121 1
13499750 3744982.52109851 0
13499750 3745271.1962331 1
13500000 3745415.5338004 0
13500250 3745271.1962331 1
13500500 3745415.5338004 0
13500750 3745271.1962331 1
13501000 3745415.5338004 0
13501250 3745271.1962331 1
13501500 3745415.5338004 0
13501750 3745271.1962331 1
13502000 3745415.5338004 0
13502250 3745271.1962331 1
13502500 3745415.5338004 0
13502750 3745271.1962331 1
13503000 3745415.5338004 0
13503250 3745271.1962331 1
13503500 3745415.5338004 0
13503750 3745271.1962331 1
13504000 3745415.5338004 0
13504250 3745271.1962331 1
13504500 3745415.5338004 0
13504750 3745271.1962331 1
13505000 3745415.5338004 0
13505250 3745271.1962331 1
13505500 3745415.5338004 0
13505750 3745271.1962331 1
13505750 3744982.52109851 0
13506000 3744838.18353121 1
13506250 3744982.52109851 0
13506500 3744838.18353121 1
13506750 3744982.52109851 0
13507000 3744838.18353121 1
13507250 3744982.52109851 0
13507500 3744838.18353121 1
13507750 3744982.52109851 0
13508000 3744838.18353121 1
13508000 3744549.50839661 0
13508250 3744405.17082932 1
13508500 3744549.50839661 0
13508750 3744405.17082932 1
13509000 3744549.50839662 0
13509250 3744405.17082932 1
13509250 3744116.49569473 0
13509500 3743972.15812743 1
13509500 3743683.48299284 0
13509750 3743539.14542554 1
13509750 3743250.47029094 0
13510000 3743106.13272365 1
13510250 3743250.47029094 0
13510500 3743106.13272365 1
13510500 3742817.45758905 0
13510750 3742673.12002175 1
13510750 3742384.44488716 0
13511000 3742240.10731986 1
13511000 3741951.43218526 0
13511250 3741807.09461797 1
13511500 3741951.43218527 0
13511750 3741807.09461797 1
13511750 3741518.41948337 0
13512000 3741374.08191608 1
13512000 3741085.40678148 0
13512250 3740941.06921418 1
13512250 3740652.39407959 0
13512500 3740508.05651229 1
13512500 3740219.3813777 0
13512750 3740075.0438104 1
13513000 3740219.3813777 0
13513250 3740075.0438104 1
13513250 3739786.3686758 0
13513500 3739642.03110851 1
13513500 3739353.35597391 0
13513750 3739209.01840661 1
13513750 3738920.34327202 0
13514000 3738776.00570472 1
13514000 3738487.33057013 0
13514250 3738342.99300283 1
13514500 3738487.33057013 0
13514750 3738342.99300283 1
13514750 3738054.31786824 0
13515000 3737909.98030094 1
13515000 3737621.30516634 0
13515250 3737476.96759905 1
13515250 3737188.29246445 0
13515500 3737043.95489715 1
13515500 3736755.27976256 0
13515250 3736610.94219526 1
13515250 3736322.26706066 0
13515500 3736177.92949337 1
13515500 3735889.25435877 0
13515750 3735744.91679147 1
13515750 3735456.24165687 0
13516000 3735311.90408958 1
13516000 3735023.22895498 0
13516250 3734878.89138769 1
13516250 3734590.21625309 0
13516500 3734445.87868579 1
13516500 3734157.2035512 0
13516750 3734012.8659839 1
13517000 3734157.2035512 0
13517250 3734012.8659839 1
13517250 3733724.19084931 0
13517500 3733579.85328201 1
13517750 3733724.19084931 0
13518000 3733579.85328201 1
13518000 3733291.17814742 0
13518250 3733146.84058012 1
13518250 3732858.16544552 0
13518500 3732713.82787822 1
13518500 3732425.15274363 0
13518750 3732280.81517633 1
13519000 3732425.15274363 0
13519250 3732280.81517633 1
13519250 3731992.14004174 0
13519500 3731847.80247444 1
13519750 3731992.14004174 0
13520000 3731847.80247444 1
13520250 3731992.14004174 0
13520500 3731847.80247444 1
13520750 3731992.14004174 0
13521000 3731847.80247444 1
13521000 3731559.12733985 0
13521250 3731414.78977255 1
13521500 3731559.12733985 0
13521750 3731414.78977255 1
13522000 3731559.12733985 0
13522250 3731414.78977255 1
13522250 3731126.11463796 0
13522500 3730981.77707066 1
13522750 3731126.11463796 0
13523000 3730981.77707066 1
13523250 3731126.11463796 0
13523500 3730981.77707066 1
13523750 3731126.11463796 0
13524000 3730981.77707066 1
13524000 3730693.10193607 0
13524250 3730548.76436877 1
13524250 3730260.08923417 0
13524500 3730115.75166687 1
13524500 3729827.07653228 0
13524250 3729682.73896498 1
13524250 3729394.06383038 0
13524500 3729249.72626308 1
13524500 3728961.0511285 0
13524750 3728816.7135612 1
13524750 3728528.03842661 0
13525000 3728383.70085931 1
13525000 3728095.02572472 0
13525250 3727950.68815741 1
13525500 3728095.02572471 0
13525750 3727950.68815741 1
13526000 3728095.02572471 0
13526250 3727950.68815741 1
13526500 3728095.02572471 0
13526750 3727950.68815741 1
13526750 3727662.01302282 0
13527000 3727517.67545552 1
13527250 3727662.01302282 0
13527500 3727517.67545552 1
13527750 3727662.01302282 0
13528000 3727517.67545552 1
13528000 3727229.00032093 0
13528250 3727084.66275363 1
13528500 3727229.00032093 0
13528750 3727084.66275363 1
13529000 3727229.00032093 0
13529250 3727084.66275363 1
13529500 3727229.00032093 0
13529750 3727084.66275363 1
13529750 3726795.98761903 0
13530000 3726651.65005174 1
13530250 3726795.98761903 0
13530500 3726651.65005173 1
13530750 3726795.98761903 0
13531000 3726651.65005173 1
13531000 3726362.97491714 0
13531250 3726218.63734984 1
13531500 3726362.97491714 0
13531750 3726218.63734984 1
13531750 3725929.96221525 0
13532000 3725785.62464795 1
13532250 3725929.96221525 0
13532500 3725785.62464795 1
13532750 3725929.96221525 0
13533000 3725785.62464795 1
13533000 3725785.62464795 1
13533250 3725929.96221525 0
13533500 3725785.62464795 1
13533750 3725929.96221525 0
13534000 3725785.62464795 1
13534250 3725929.96221525 0
13534500 3725785.62464795 1
13534750 3725929.96221525 0
13534750 3726218.63734984 1
13535000 3726362.97491714 0
13535250 3726218.63734984 1
13535500 3726362.97491714 0
13535500 3726362.97491714 0
13535750 3726218.63734984 1
13536000 3726362.97491714 0
13536250 3726218.63734984 1
13536250 3725929.96221525 0
13536500 3725785.62464795 1
13536750 3725929.96221525 0
13537000 3725785.62464795 1
13537000 3725496.94951336 0
13537250 3725352.61194606 1
13537500 3725496.94951336 0
13537750 3725352.61194606 1
13537750 3725063.93681147 0
13538000 3724919.59924417 1
13538250 3725063.93681146 0
13538500 3724919.59924416 1
13538750 3725063.93681146 0
13539000 3724919.59924416 1
13539000 3724630.92410957 0
13539250 3724486.58654227 1
13539500 3724630.92410957 0
13539750 3724486.58654227 1
13539750 3724197.91140768 0
13540000 3724053.57384038 1
13540250 3724197.91140768 0
13540500 3724053.57384038 1
13540750 3724197.91140768 0
13541000 3724053.57384038 1
13541000 3723764.89870578 0
13541250 3723620.56113849 1
13541500 3723764.89870578 0
13541750 3723620.56113849 1
13541750 3723331.88600389 0
13542000 3723187.5484366 1
13542250 3723331.88600389 0
13542500 3723187.5484366 1
13542750 3723331.88600389 0
13543000 3723187.5484366 1
13543000 3722898.873302 0
13543250 3722754.5357347 1
13543500 3722898.873302 0
13543750 3722754.5357347 1
13543750 3722465.86060011 0
13544000 3722321.52303281 1
13544250 3722465.86060011 0
13544500 3722321.52303281 1
13544750 3722465.86060011 0
13545000 3722321.52303281 1
13545000 3722032.84789822 0
13545250 3721888.51033092 1
13545500 3722032.84789822 0
13545750 3721888.51033092 1
13545750 3721599.83519633 0
13546000 3721455.49762903 1
13546250 3721599.83519633 0
13546500 3721455.49762903 1
13546750 3721599.83519633 0
13547000 3721455.49762903 1
13547000 3721166.82249443 0
13547250 3721022.48492714 1
13547500 3721166.82249443 0
13547750 3721022.48492714 1
13547750 3720733.80979254 0
13548000 3720589.47222524 1
13548250 3720733.80979254 0
13548500 3720589.47222525 1
13548500 3720300.79709066 0
13548750 3720156.45952336 1
13549000 3720300.79709066 0
13549250 3720156.45952335 1
13549500 3720300.79709065 0
13549750 3720156.45952335 1
13550000 3720300.79709065 0
13550250 3720156.45952335 1
13550250 3719867.78438876 0
13550500 3719723.44682146 1
13550750 3719867.78438876 0
13551000 3719723.44682146 1
13551000 3719434.77168687 0
13551250 3719290.43411957 1
13551500 3719434.77168687 0
13551750 3719290.43411957 1
13551750 3719001.75898497 0
13552000 3718857.42141768 1
13552250 3719001.75898497 0
13552500 3718857.42141768 1
13552500 3718568.74628308 0
13552750 3718424.40871578 1
13553000 3718568.74628308 0
13553250 3718424.40871578 1
13553500 3718568.74628308 0
13553750 3718424.40871578 1
13553750 3718135.73358119 0
13554000 3717991.39601389 1
13554250 3718135.73358119 0
13554500 3717991.39601389 1
13554750 3718135.73358119 0
13555000 3717991.39601389 1
13555000 3717702.7208793 0
13555250 3717558.383312 1
13555500 3717702.7208793 0
13555750 3717558.383312 1
13556000 3717702.7208793 0
13556250 3717558.383312 1
13556250 3717269.7081774 0
13556500 3717125.37061011 1
13556750 3717269.7081774 0
13557000 3717125.37061011 1
13557250 3717269.7081774 0
13557500 3717125.37061011 1
13557500 3716836.69547551 0
13557750 3716692.35790821 1
13558000 3716836.69547551 0
13558250 3716692.35790821 1
13558250 3716403.68277362 0
13558500 3716259.34520632 1
13558750 3716403.68277362 0
13559000 3716259.34520632 1
13559250 3716403.68277362 0
13559500 3716259.34520632 1
13559500 3715970.67007173 0
13559750 3715826.33250443 1
13560000 3715970.67007173 0
13560250 3715826.33250443 1
13560500 3715970.67007173 0
13560750 3715826.33250443 1
13560750 3715537.65736984 0
13561000 3715393.31980254 1
13561250 3715537.65736984 0
13561500 3715393.31980254 1
13561750 3715537.65736984 0
13562000 3715393.31980254 1
13562000 3715104.64466794 0
13562250 3714960.30710065 1
13562500 3715104.64466794 0
13562750 3714960.30710065 1
13563000 3715104.64466795 0
13563250 3714960.30710065 1
13563250 3714671.63196606 0
13563500 3714527.29439876 1
13563750 3714671.63196606 0
13564000 3714527.29439876 1
13564000 3714238.61926416 0
13564250 3714094.28169687 1
13564500 3714238.61926416 0
13564750 3714094.28169687 1
13564750 3713805.60656227 0
13565000 3713661.26899497 1
13565250 3713805.60656227 0
13565500 3713661.26899497 1
13565750 3713805.60656227 0
13566000 3713661.26899497 1
13566250 3713805.60656227 0
13566500 3713661.26899497 1
13566750 3713805.60656227 0
13567000 3713661.26899497 1
13567250 3713805.60656227 0
13567500 3713661.26899497 1
13567750 3713805.60656227 0
13568000 3713661.26899497 1
13568250 3713805.60656227 0
13568500 3713661.26899497 1
13568750 3713805.60656227 0
13569000 3713661.26899497 1
13569000 3713372.59386038 0
13569250 3713228.25629308 1
13569500 3713372.59386038 0
13569750 3713228.25629308 1
