12640500 2537598.7706557 1
12640500 2537598.7706557 1
12640500 2537310.09552111 0
12640500 2537310.09552111 0
12640750 2537165.75795381 1
12640750 2537165.75795381 1
12641000 2537310.09552111 0
12641250 2537165.75795381 1
12641250 2537165.75795381 1
12641250 2536877.08281922 0
12641500 2536732.74525192 1
12641500 2536444.07011732 0
12641500 2536444.07011732 0
12641250 2536299.73255003 1
12641250 2536011.05741544 0
12641500 2535866.71984814 1
12641500 2535578.04471354 0
12641500 2535578.04471354 0
12641250 2535433.70714624 1
12641250 2535145.03201165 0
12641250 2535145.03201165 0
12641250 2535145.03201165 0
12641000 2535000.69444435 1
12641000 2535000.69444435 1
12641000 2535000.69444435 1
12641000 2535000.69444435 1
12641000 2535000.69444435 1
12641000 2535000.69444435 1
12641000 2534712.01930975 0
12640750 2534567.68174246 1
12640750 2534567.68174246 1
12640750 2534279.00660787 0
12641000 2534134.66904056 1
12641000 2534134.66904056 1
12641000 2534134.66904056 1
12640750 2534279.00660786 0
12640500 2534134.66904056 1
12640500 2533845.99390597 0
12640500 2533845.99390597 0
12640500 2533845.99390597 0
12640250 2533701.65633867 1
12640000 2533845.99390597 0
12640000 2533845.99390597 0
12639750 2533701.65633867 1
12639750 2533412.98120408 0
12639500 2533268.64363678 1
12639250 2533412.98120408 0
12639250 2533412.98120408 0
12639000 2533268.64363678 1
12638750 2533412.98120408 0
12638500 2533268.64363678 1
12638500 2532979.96850219 0
12638500 2532979.96850219 0
12638500 2532979.96850219 0
12638250 2532835.63093489 1
12638000 2532979.96850219 0
12638000 2533268.64363678 1
12638000 2533268.64363678 1
12638000 2533268.64363678 1
12637750 2533412.98120408 0
12637750 2533701.65633867 1
12638000 2533845.99390597 0
12638000 2534134.66904056 1
12638000 2534134.66904056 1
12638250 2534279.00660786 0
12638250 2534567.68174246 1
12638500 2534712.01930975 0
12638500 2535000.69444435 1
12638750 2535145.03201165 0
12638750 2535433.70714624 1
12638500 2535578.04471354 0
12638500 2535866.71984814 1
12638750 2536011.05741543 0
12638750 2536299.73255003 1
12638750 2536299.73255003 1
12638500 2536444.07011733 0
12638500 2536732.74525192 1
12638750 2536877.08281922 0
12638750 2537165.75795381 1
12638500 2537310.09552111 0
12638500 2537310.09552111 0
12638750 2537165.75795381 1
12639000 2537310.09552111 0
12639250 2537165.75795381 1
12639500 2537310.09552111 0
12639500 2537310.09552111 0
12639500 2537598.7706557 1
12639750 2537743.108223 0
12640000 2537598.7706557 1
12640250 2537743.108223 0
12640500 2537598.7706557 1
