13569901.5 3713364.51095661 0
13569385.5 3708817.87758674 0
13568862 3704166.45514301 1
13568859 3704072.9243994 1
13568938.5 3703751.6289746 0
13568985 3703106.44004878 1
13568797.5 3702298.43834705 1
13568829 3701381.31744444 1
13568643 3700440.81385593 1
13568395.5 3699345.29172014 0
13568077.5 3698404.78813164 0
13567849.5 3697486.80120362 1
13567699.5 3697022.6115872 0
13567917 3688598.78248458 1
13568010 3680960.4384232 1
13568028 3679311.5260544 0
13568032.5 3678837.81015853 1
13568052 3678112.94689556 1
13568055 3677899.90464623 1
13568056.5 3677627.10664404 1
13568064 3677333.52403215 1
13567956 3676912.63568592 1
13568013 3676495.21144129 0
13568017.5 3675972.99812281 0
13568265 3652878.69868009 0
13568466 3634013.20128405 1
13568448 3633725.68084999 0
13568409 3633538.61936278 0
13568352 3633379.27068848 1
13568206.5 3633376.67261227 1
13568533.5 3632766.990728 0
13568883 3631898.36724801 1
13569066 3631460.15839369 0
13569217.5 3631125.00656243 0
13569337.5 3630797.6489598 0
13569442.5 3630522.2528814 0
13569562.5 3630226.0721933 0
13569640.5 3629978.38892782 1
13569733.5 3629671.81593488 1
13569750 3629579.15121667 0
13569795 3629466.56791418 1
13569867 3629231.00900435 0
13569894 3629123.62185428 1
13569939 3628940.02446868 0
13569966 3628872.47448719 0
13570005 3628758.15913389 0
13570083 3628441.1938361 0
13570141.5 3628194.37659602 0
13570233 3627796.87093569 0
13570312.5 3627411.489631 1
13570398 3626941.23783675 1
13570473 3626373.12517186 0
13570504.5 3626221.5707262 1
13570519.5 3626006.79642606 0
13570543.5 3625320.90430627 0
13570551 3624473.06543596 1
13570539 3624124.92322364 1
13570506 3623636.4848959 1
13570483.5 3623268.4240993 0
13570452 3622964.44918257 0
13570417.5 3622655.27811342 0
13570387.5 3622386.81023824 1
13570308 3621925.21869803 0
13570248 3621558.02392682 1
13570174.5 3621228.06824798 1
13570125 3621012.42792244 1
13570009.5 3620479.82229911 1
13569855 3619947.21667578 1
13569856.5 3619845.89170354 1
13569957 3619680.48085142 0
13569997.5 3619612.06484452 1
13569973.5 3619523.73025333 1
13569823.5 3619147.87522809 0
13569622.5 3618716.59457701 0
13569205.5 3617871.35378291 1
13569043.5 3617518.01541817 1
13568749.5 3616982.81171863 1
13568568 3616755.04703743 0
13568134.5 3616232.83371895 0
13567896 3615951.37546272 1
13567687.5 3615728.80693395 0
13567636.5 3615678.57746053 1
13567461 3615701.96014643 1
13567276.5 3615734.00308637 0
13567180.5 3615787.69666141 1
13567134 3615736.60116258 0
13567005 3615648.2665714 0
13566928.5 3615595.43902177 1
13566778.5 3615489.7839225 0
13566570 3615379.79869622 1
13566517.5 3615413.57368697 1
13566379.5 3615397.9852297 1
13566291 3615492.38199872 0
13566189 3615528.75506568 0
13566166.5 3615468.99931281 0
13566145.5 3615408.37753455 1
13565971.5 3615344.29165467 0
13565721 3615216.98592031 0
13565424 3614946.78599433 0
13565188.5 3614819.48025998 0
13564857 3614816.88218376 0
13564716 3614751.06425308 1
13564575 3614641.9450522 1
13564324.5 3614466.14189523 0
13564135.5 3614434.9649807 0
13563963 3614432.36690448 0
13563903 3614449.68741256 1
13563852 3614463.54381902 0
13563759 3614335.37205926 1
13563712.5 3614273.88425559 0
13563555 3614177.75543577 0
13563099 3614174.29133416 1
13562389.5 3614311.98937336 1
13561944 3614397.72588833 1
13561627.5 3614403.78806616 0
13561224 3614463.54381902 0
13560948 3614532.82585132 1
13560615 3614538.02200375 1
13560331.5 3614512.90726704 0
13560063 3614439.29510771 1
13559724 3614318.05155118 0
13559512.5 3614190.74581683 0
13559214 3613975.10549129 0
13559041.5 3613832.21129966 0
13558962 3613800.16835972 1
13558875 3613815.75681699 1
13558747.5 3613884.17282389 0
13558651.5 3613917.08178923 1
13558471.5 3613946.52665296 0
13558290 3613985.49779613 0
13557996 3614021.87086309 0
13557814.5 3614060.84200626 0
13557606 3614132.72211477 1
13557498 3614033.99521874 1
13557277.5 3613953.45485619 1
13557064.5 3613880.70872227 1
13556505 3613743.01068307 1
13555986 3613659.87224431 1
13555644 3613602.71456766 1
13555399.5 3613584.52803418 1
13555332 3613497.0594684 0
13555143 3613400.06462317 1
13555032 3613384.4761659 1
13554894 3613613.1068725 1
13554816 3613611.3748217 0
13554622.5 3613615.70494872 1
13554492 3613616.57097412 0
13553898 3613628.69532977 1
13553275.5 3613639.95366002 0
13552120.5 3613660.73826971 0
13551150 3613670.26454915 1
13551024 3613628.69532977 1
13550967 3613595.78636443 0
13550923.5 3613454.62422361 1
13550923.5 3613343.77297193 0
13550836.5 3613277.95504124 1
13550790 3613216.46723757 0
13550727 3613238.98389807 1
13550695.5 3613366.28963242 1
13550652 3613523.04023051 0
13550614.5 3613610.50879629 1
13550550 3613633.89148219 1
13550170.5 3613639.95366002 0
13549554 3613626.96327896 0
13548528 3613600.98251685 0
13547745 3613587.12611039 1
13547043 3613581.92995797 1
13546378.5 3613574.13572933 1
13545913.5 3613579.33188176 1
13545636 3613554.21714505 0
13545163.5 3613494.46139218 0
13544413.5 3613400.93064858 0
13543987.5 3613348.96912435 0
13543710 3613301.33772714 1
13543332 3613273.62491422 0
13543089 3613223.3954408 1
13542898.5 3613215.60121217 1
13542838.5 3613208.67300894 0
13542712.5 3613193.08455167 0
13542342 3613148.91725608 0
13541367 3613034.60190278 0
13541248.5 3613023.34357253 1
13540774.5 3612974.84614991 0
13540707 3612968.78397209 1
13540428 3612937.60705755 1
13539826.5 3612903.8320668 1
13539450 3612838.88016152 1
13539045 3612811.1673486 0
13538634 3612781.72248487 1
13538443.5 3612715.03852878 0
13538092.5 3612709.84237636 0
13537804.5 3612644.02444567 1
13537602 3612608.51740411 0
13537030.5 3612472.55141572 1
13536075 3612244.78673452 0
13535469 3612146.05983849 0
13535202 3612073.31370458 0
13534303.5 3611831.69261692 0
13534165.5 3611807.44390561 1
13533216 3611564.09076715 0
13533090 3611579.67922442 0
13532649 3611461.8997695 1
13532584.5 3611447.17733764 0
13532335.5 3611384.82350857 0
13531989 3611316.40750167 1
13531261.5 3611176.97741166 0
13530778.5 3611036.68129624 0
13530282 3610921.49991754 1
13529857.5 3610830.56725014 1
13529668.5 3610788.99803076 1
13529385 3610698.06536336 1
13528944 3610583.75001007 1
13528471.5 3610477.2288854 1
13528038 3610401.88467527 1
13527699 3610374.17186235 0
13527460.5 3610342.12892241 1
13527010.5 3610336.93276999 1
13526896.5 3610347.32507483 1
13526758.5 3610381.96609098 0
13526710.5 3610420.07120875 1
13526553 3610348.19110024 0
13525926 3610041.6181073 0
13525437 3609747.16947001 1
13525273.5 3609625.05988808 1
13524700.5 3609311.55869191 0
13523469 3608654.24541043 0
13521901.5 3607918.98984262 0
13520770.5 3607378.58999066 0
13519360.5 3606666.71710875 0
13519288.5 3606637.27224502 1
13519213.5 3606812.20937658 0
13519143 3606778.43438584 0
13518745.5 3606554.13380626 1
13518483 3606383.52680171 0
13517746.5 3605889.02629615 1
13517115 3605559.07061731 1
13516683 3605344.29631717 0
13516411.5 3605196.20597312 0
13516150.5 3604957.18296168 0
13515919.5 3604683.51893408 1
13515775.5 3604240.11392734 0
13515502.5 3603881.57941018 0
13515286.5 3603566.3461632 1
13514826 3603265.83534809 0
13514394 3602935.01364384 1
13513660.5 3602161.65295826 0
13513242 3601587.47811555 0
13512999 3601043.61416198 1
13512969 3600669.49118754 1
13512768 3600326.54512764 1
13512423 3600153.34004689 0
13511919 3599638.92095704 0
13511473.5 3599007.58843768 0
13511056.5 3598390.97835018 1
13510668 3597889.54964139 1
13510048.5 3597459.13501571 0
13509517.5 3597013.99795817 1
13508884.5 3596284.80456818 0
13508598 3596069.16424264 0
13508209.5 3595640.48166777 0
13507936.5 3595252.50228687 1
13507491 3594751.07357808 1
13507384.5 3594632.42809776 0
13506793.5 3594913.02032859 0
13506663 3594777.05434019 1
13506744 3594226.26218338 1
13506288 3593673.73797577 0
13505580 3593618.31234993 1
13505572.5 3593667.67579794 1
13505412 3593644.29311204 1
13505362.5 3593541.23608899 0
13504326 3593535.17391116 1
13503558 3593876.38792026 0
13501948.5 3593667.67579794 1
13500418.5 3593371.49510985 1
13499694 3593218.20861338 1
13499434.5 3593011.22854188 0
13499230.5 3592815.50680062 1
13499199 3593046.73558343 1
13499133 3593509.19314905 1
13499023.5 3593686.72835683 0
13498972.5 3593771.5988464 1
13499115 3594028.80839132 1
13499125.5 3594192.48719264 1
13499142 3594273.02755519 1
13499071.5 3594431.51020408 1
13498957.5 3594618.5716913 1
13498920 3594915.6184048 0
13498584 3595902.88736511 0
13498603.5 3596109.86743662 1
13498762.5 3596300.39302545 0
13498972.5 3596489.18656347 1
13499109 3596626.88460268 1
13499224.5 3596809.61596287 0
13499331 3596957.70630692 0
13499338.5 3597024.39026301 1
13499349 3597125.71523526 1
13499290.5 3597173.34663246 0
13499124 3597279.86775713 0
13498999.5 3597372.53247533 1
13498971 3597468.66129515 1
13498974 3597565.65614038 0
13499001 3597816.80350748 1
13498771.5 3598171.00789762 0
13498219.5 3599028.37304737 0
13497439.5 3599845.90102854 1
13497156 3600113.50287831 1
13496506.5 3600550.84570722 0
13495861.5 3600815.84948078 0
13495540.5 3601023.69557769 0
13495192.5 3601283.50319882 0
13494951 3601422.93328883 1
13494879 3601490.48327033 1
13494805.5 3601558.89927723 0
13494786 3601655.02809705 0
13494684 3602185.03564416 0
13494574.5 3602558.2925932 1
13494441 3602903.8367293 1
13494379.5 3603119.47705485 1
13494229.5 3603389.67698083 1
13493847 3603880.71338477 1
13493668.5 3604151.77933616 0
13493547 3604384.74016978 1
13493470.5 3604652.34201955 1
13493323.5 3605066.30216256 0
13493245.5 3605208.33032878 1
13493158.5 3605255.09570058 1
13493089.5 3605268.95210704 0
13493056.5 3605275.88031027 1
13492387.5 3605232.57904008 0
13491811.5 3605185.81366828 0
13491403.5 3605097.47907709 0
13491261 3605063.70408634 0
13491175.5 3604886.16887857 1
13491069 3604673.99265464 0
13491067.5 3604278.21904511 1
13491135 3603884.17748639 0
13490868 3603896.30184204 1
13490554.5 3604075.56910063 1
13490364 3604175.16202206 0
13490172 3604239.24790194 1
13489950 3604228.8555971 1
13489696.5 3604063.44474497 0
13489470 3603925.74670577 0
13489090.5 3603710.10638023 0
13488829.5 3603649.48460196 1
13488673.5 3603623.50383985 1
13488556.5 3603633.8961447 1
13488445.5 3603663.34100842 0
13488198 3603818.3595557 1
13487940 3603920.55055335 0
13487652 3603880.71338477 1
13487353.5 3603789.78071738 1
13487064 3603678.06344029 1
13486938 3603672.86728787 1
13486827 3603719.63265967 1
13486755 3603795.8428952 0
13486794 3603920.55055335 0
13486795.5 3604002.82296671 1
13486834.5 3604084.22935466 0
13486785 3604180.35817448 0
13485433.5 3604667.93047681 1
13485346.5 3604678.32278166 1
13485087 3604705.16956918 0
13484653.5 3604647.14586712 1
13484650.5 3604647.14586712 1
13484439 3604466.14655773 0
13484334 3604357.02735686 0
13484034 3604176.89407287 1
13483797 3604083.36332926 1
13483656 3604066.04282118 0
13483552.5 3604089.42550709 0
13483375.5 3604151.77933616 0
13483216.5 3604297.27160399 0
13483038 3604597.78241911 1
13483036.5 3604915.6137423 0
13483035 3605221.32070983 1
13483002 3605392.79373978 1
13482988.5 3605466.4058991 0
13483033.5 3605533.9558806 0
13483138.5 3605665.59174197 1
13483194 3605759.98851099 0
13483209 3605850.05515298 1
13483186.5 3606162.69032375 0
13483081.5 3606832.99398628 0
13482999 3607199.32273208 0
13483015.5 3607650.52196745 1
13483038 3608067.08018667 0
13483113 3608489.70058372 1
13483233 3608908.85687915 0
13483372.5 3609285.57792979 0
13483465.5 3609509.01248397 0
13483723.5 3609784.40856237 0
13483867.5 3610071.92899643 1
13483983 3610308.35393166 1
13484055 3610536.98463826 1
13484166 3610950.94478127 0
13484191.5 3611090.37487128 1
13484157 3611217.68060564 1
13484077.5 3611338.05813676 0
13483594.5 3611563.22474175 1
13483413 3611761.54455921 0
13483050 3611820.43428667 1
13482784.5 3611831.69261692 0
13482630 3611834.29069313 0
13482526.5 3611859.40542984 1
13482454.5 3611920.0272081 0
13482388.5 3611989.30924041 1
13482399 3612085.43806023 1
13482417 3612270.76749664 0
13482567 3612750.54557033 1
13482646.5 3613052.78843626 0
13482385.5 3613348.96912435 0
13481853 3613715.29787015 0
13481661 3613794.9722073 1
13481557.5 3613795.8382327 0
13481367 3613800.16835972 1
13481356.5 3613797.57028351 1
13481328 3613793.24015649 0
13481098.5 3613759.46516574 0
13480786.5 3613714.43184475 1
13480570.5 3613584.52803418 1
13480435.5 3613542.9588148 1
13480339.5 3613567.2075261 0
13480251 3613606.17866927 0
13480287 3613865.98629041 0
13480318.5 3614005.41638042 1
13480248 3614127.52596235 1
13479955.5 3614393.39576131 0
13479640.5 3614502.51496219 0
13479441 3614392.52973591 1
13478248.5 3613735.21645444 1
13477921.5 3613593.18828822 0
13477560 3613606.17866927 0
13477350 3613595.78636443 0
13477182 3613576.73380554 1
13477113 3613517.84407809 0
13477068 3613445.09794417 0
13477023 3613394.86847075 1
13476829.5 3613390.53834373 0
13476480 3613337.7107941 1
13476286.5 3613200.0127549 1
13476123 3613143.72110365 0
13476003 3613057.11856327 1
13475925 3612828.48785668 1
13475941.5 3612545.29754964 1
13475931 3612359.10208782 0
13475883 3612203.21751514 0
13475761.5 3612056.8592219 1
13474989 3611267.91007906 0
13474722 3610957.8729845 1
13474567.5 3610794.19418318 1
13474258.5 3610595.00834032 0
13474149 3610498.8795205 0
13473865.5 3610704.12754119 0
13473754.5 3610622.72115324 1
13473670.5 3610560.36732416 1
13473540 3610332.60264297 0
13473405 3610142.07705414 1
13473357 3610038.15400568 1
13473516 3609849.36046766 0
13473789 3609783.54253697 1
13473991.5 3609609.47143081 1
13473892.5 3609389.50097825 0
13473592.5 3609207.63564345 0
13473408 3609123.63117928 1
13473250.5 3609110.64079823 1
13473162 3609113.23887444 1
13473118.5 3609166.06642407 0
13473003 3609248.33883743 1
13472887.5 3609467.44326459 0
13472661 3609975.80017661 1
13472526 3610254.66035663 0
13472368.5 3610539.58271447 1
13472277 3610786.39995455 1
13472199 3611092.97294749 1
13472092.5 3611213.35047862 0
13471872 3611352.78056863 1
13471389 3611612.58818976 1
13471096.5 3611738.16187331 0
13470895.5 3611786.65929592 1
13470868.5 3611784.92724512 0
13470711 3611782.3291689 0
13470496.5 3611755.48238139 1
13470205.5 3611635.97087566 1
13470009 3611394.34978801 1
13469769 3611169.18318302 0
13469580 3610904.17940947 0
13469503.5 3610794.19418318 1
13469442 3610765.61534486 1
13469401.5 3610877.33262195 1
13469352 3611004.6383563 1
13469271 3611051.40372811 1
13469131.5 3611067.85821078 0
13469025 3611004.6383563 1
13468989 3610982.12169581 0
13468896 3610739.63458275 1
13468689 3610334.33469378 1
13468600.5 3610059.80464078 0
13468480.5 3609936.82903344 1
13468369.5 3609931.63288102 1
13468179 3609949.8194145 1
13468062 3610069.33092022 1
13468014 3610271.9808647 1
13467999 3610644.37178833 0
13468048.5 3610984.71977202 0
13468737 3612198.02136272 0
13468899 3612537.503321 1
13468983 3612707.24430014 0
13469097 3612800.77504375 0
13469244 3612857.9327204 0
13469379 3612937.60705755 1
13469709 3613242.44799968 0
13470120 3613829.61322345 0
13470354 3614079.02853974 0
13470438 3614172.55928335 0
13470460.5 3614254.83169671 1
13470426 3614314.58744957 1
13470412.5 3614389.9316597 1
13470405 3614463.54381902 0
13470550.5 3614757.1264309 0
13470607.5 3615001.34559477 0
13470744 3615201.39746304 0
13470727.5 3615475.92751604 1
13470820.5 3615704.55822264 1
13470903 3615800.68704246 1
13471105.5 3615967.82994539 0
13471219.5 3616083.8773495 1
13471320 3616282.19716697 0
13471377 3616542.0047881 0
13471369.5 3616972.41941378 1
13471315.5 3617240.88728896 0
13471207.5 3617443.53723344 0
13471120.5 3617533.60387544 1
13471041 3617565.64681538 0
13470978 3617560.45066295 0
13470921 3617555.25451053 0
13470630 3617513.68529115 0
13470019.5 3617666.97178762 0
13469919 3617789.08136955 0
13469904 3617863.55955428 1
13469944.5 3617980.47298379 1
13470022.5 3618136.35755647 1
13470031.5 3618276.65367188 1
13469908.5 3618384.04082195 0
13469746.5 3618461.98310829 0
13469541 3618516.54270873 0
13469502 3618526.93501358 0
13469421 3618549.45167408 1
13469074.5 3618546.85359786 1
13468920 3618558.11192811 0
13468698 3618636.05421445 0
13468353 3618710.53239918 1
13468168.5 3618817.05352384 1
13468120.5 3619049.14833206 0
13468087.5 3619211.96110797 1
13467922.5 3619528.92640576 1
13467880.5 3619662.29431794 0
13467912 3619789.60005229 0
13467921 3619929.89616771 0
13468059 3620090.97689281 0
13468986 3621069.58559909 1
13469035.5 3621337.18744886 1
13468926 3624239.23857694 1
13468908 3624938.9871032 0
13468786.5 3625156.35947955 1
13468666.5 3625435.21965956 0
13468627.5 3625726.20419524 0
13468705.5 3625954.83490184 0
13468758 3626468.38796628 1
13468749 3626712.60713015 1
13468690.5 3627207.10763571 0
13468614 3627474.70948548 0
13468558.5 3627707.6703191 1
13468482 3627938.89910191 1
13468411.5 3628178.78813875 0
13468381.5 3628506.14574138 0
13468360.5 3628616.99699307 1
13468248 3628940.02446868 0
13468399.5 3629131.41608292 1
13468677 3629386.89357703 0
13468968 3629440.58715207 1
13469154 3629450.97945691 1
13469266.5 3629495.14675251 1
13469326.5 3629619.85441065 1
13469473.5 3629936.81970844 1
13469566.5 3630144.66580534 1
13469553 3630285.82794616 0
13469290.5 3630446.04264586 1
13469079 3630623.57785364 0
13468992 3630763.87396905 0
13468972.5 3630906.76816068 0
13468900.5 3631412.52699648 1
13468756.5 3631677.53077004 1
13468672.5 3631916.55378149 1
13468557 3632135.65820865 0
13468515 3632239.5812571 0
13468374 3632288.07867971 1
13468227 3632364.28891524 0
13468051.5 3632450.02543022 0
13468047 3632561.74270731 0
13468090.5 3632766.990728 0
13468165.5 3633177.4867694 0
13468093.5 3633296.99827512 0
13468087.5 3633676.31740198 0
13468101 3634226.24353338 1
13467903 3634699.09340385 1
13467802.5 3634982.28371088 1
13465284 3635151.15866462 1
13464927 3635216.97659531 0
13464925.5 3635313.10541513 0
13465110 3635601.49187459 0
13465038 3635743.52004081 1
13464916.5 3635811.93604771 0
13464630 3635878.6200038 1
13464510 3635996.39945872 0
13464184.5 3636920.44856455 1
13463707.5 3637029.56776543 1
13463188.5 3636877.14729437 0
13463245.5 3636354.06795048 1
13463562 3635954.83023934 0
13463385 3635320.89964376 0
13460134.5 3635294.05285625 1
13457958 3635255.08171308 1
13458153 3636949.02740288 1
13457947.5 3638202.16616216 0
13457559 3639453.57287062 1
13457394 3639815.57148941 0
13457814 3642865.71296154 0
13458079.5 3643190.47248795 0
13458439.5 3643322.10834933 1
13458136.5 3643772.4415593 0
13457538 3644128.37800025 0
13457389.5 3644764.90667203 0
13457176.5 3645171.93861181 1
13456831.5 3645398.8372676 0
13455954 3645422.21995351 0
13455549 3645501.89429065 1
13455292.5 3645481.97570637 0
13455174 3645780.75447067 0
13455244.5 3646039.6960664 1
13454646 3646030.16978696 0
13454370 3645733.98909887 0
13454068.5 3645845.70637596 0
13453651.5 3646157.47552132 0
13453176 3646102.91592088 0
13452991.5 3646214.63319797 0
13452997.5 3646699.60742409 1
13453000.5 3646876.27660646 1
13453150.5 3647217.49061555 0
13453500 3647429.66683948 1
13453755 3647694.67061304 1
13454049 3648025.49231728 0
13454538 3648623.04984589 0
13454637 3648811.84338392 1
13454730 3649336.65477861 1
13454994 3649880.51873219 0
13455511.5 3650503.19099751 1
13456044 3650848.73513362 1
13457251.5 3650849.60115902 0
13457434.5 3650799.3716856 1
13458258 3650571.60700441 0
13459146 3650588.92751248 1
13460346 3650976.90689338 0
13460794.5 3651329.37923272 1
13461363 3651408.18754446 0
13463073 3651304.26449601 0
13463893.5 3651296.47026738 0
13466283 3650789.84540616 0
13466899.5 3650617.50635081 1
13467987 3650888.57230219 0
13469532 3651285.21193713 1
13470963 3651311.19269924 1
13471455 3651404.72344285 1
13471495.5 3651656.73683535 1
13471425 3651861.98485605 1
13471489.5 3651880.17138953 1
13471651.5 3651956.38162506 0
13471743 3652000.54892065 0
13471983 3651813.48743344 0
13471998 3651803.09512859 0
13472265 3651823.87973828 0
13472464.5 3651843.79832257 1
13472883 3651865.44895766 0
13472887.5 3651828.2098653 1
13472961 3651293.87219116 0
13473282 3651117.20300879 0
13473624 3651077.36584022 1
13473913.5 3651540.68943124 0
13473948 3651813.48743344 0
13474029 3652807.68459698 1
13474021.5 3653194.79795247 1
13474480.5 3653038.91337979 1
13474711.5 3652768.71345381 1
13475547 3653171.41526657 1
13475671.5 3653163.62103794 1
13476894 3653081.34862458 0
13476918 3653103.86528507 1
13477146 3653259.74985776 1
13477206 3653420.83058286 1
13477386 3653642.53308623 0
13477695 3653717.01127095 1
13477537.5 3655027.30770688 0
13477128 3656121.09779186 0
13476814.5 3656726.4495491 0
13476880.5 3657185.44301311 1
13476813 3657738.83324613 1
13476051 3662127.84999251 0
13476301.5 3662166.82113568 0
13475946 3665048.08765407 0
13475773.5 3665779.87912027 1
13475911.5 3667066.79287029 0
13475604 3667724.10615176 0
13475566.5 3667918.96186761 0
13475551.5 3668002.10030638 0
13476508.5 3667955.33493457 0
13477969.5 3668258.4438259 1
13478179.5 3668662.01166406 0
13478043 3669282.95187858 0
13478155.5 3669593.85499853 1
13478377.5 3670553.41114593 0
13478608.5 3670892.89310421 1
13478994 3670613.16689879 0
13479282 3670426.10541157 0
13479376.5 3670428.70348778 0
13479768 3669766.19405389 0
13479918 3669101.08654378 0
13480122 3668914.02505656 0
13480336.5 3668843.87699886 0
13480506 3669004.09169856 1
13480680 3669007.55580017 0
13480861.5 3669131.39743291 1
13481266.5 3669618.10370984 0
13481436 3669916.88247414 0
13481607 3670142.04907913 1
13481719.5 3670200.07278118 0
13481754 3670218.25931466 0
13481851.5 3670212.19713684 1
13482085.5 3670196.60867957 1
13482439.5 3670096.14973273 0
13483014 3669792.174816 0
13483167 3669724.6248345 0
13483146 3669528.90309325 1
13484104.5 3669084.63206111 1
13484835 3668863.79558314 1
13485981 3669059.5173244 0
13486158 3669069.90962924 0
13486288.5 3669448.3627307 1
13486498.5 3669692.58189456 1
13485832.5 3671431.56090536 0
13485523.5 3671940.78384279 0
13484845.5 3673059.68866448 1
13484715 3673044.96623262 0
13484622 3672852.70859297 0
13484532 3672577.31251457 0
13484299.5 3672430.95422133 1
13484110.5 3672332.2273253 1
13483813.5 3672363.40423984 1
13483633.5 3672467.32728829 1
13483464 3672573.84841296 1
13483332 3672656.98685172 1
13483359 3672748.78554452 0
13483024.5 3674566.57286706 1
13483351.5 3674980.53301007 0
13483495.5 3675382.36879743 1
13483740 3675518.33478582 0
13483695 3675736.57318758 0
13483561.5 3675895.05583647 0
13483759.5 3676102.90193338 0
13483566 3676450.17812029 1
13483642.5 3676572.28770223 1
13483434 3677846.2110712 0
13483240.5 3677772.59891187 1
13482385.5 3677874.78990952 0
13482064.5 3677845.34504579 1
13482009 3678248.04685855 1
13482273 3678388.34297396 1
13481947.5 3678920.94859729 1
13481845.5 3678967.7139691 1
13481575.5 3679049.12035705 0
13480899 3678793.64286294 1
13481134.5 3680150.70467067 0
13481398.5 3680339.49820869 1
13482189 3680833.99871425 0
13482438 3681000.27559178 0
13481908.5 3681337.15947385 1
13481565 3681641.13439058 1
13482262.5 3682057.6926098 0
13482484.5 3682147.75925179 1
13482601.5 3682194.5246236 1
13482693 3682233.49576677 1
13482778.5 3682094.06567676 0
13482814.5 3682033.44389849 1
13483182 3682124.37656589 1
13484328 3682649.18796058 1
13484341.5 3682901.20135308 1
13484574 3682955.76095352 1
13485658.5 3683244.14741298 1
13485838.5 3683398.29993486 0
13484839.5 3684106.70871515 1
13485207 3684228.81829709 1
13485997.5 3684376.90864113 1
13485417 3685193.5705969 0
13486881 3686047.47164503 1
13486539 3686478.75229612 1
13486236 3686525.51766792 1
13485912 3686806.10989875 1
13485928.5 3686974.98485249 1
13485991.5 3687110.08481548 1
13485999 3687209.67773691 0
13486006.5 3687295.41425189 0
13485988.5 3687295.41425189 0
13485754.5 3687291.95015027 1
13485634.5 3687222.66811797 0
13485403.5 3687733.6231062 1
13485309 3687949.26343174 1
13485927 3688035.86597212 0
13486222.5 3687936.27305069 1
13487184 3688344.17101587 1
13487313 3688681.92092335 1
13487266.5 3689474.33416781 1
13486872 3689347.02843345 1
13486767 3689314.11946811 0
13486161 3689336.63612861 1
13485807 3689516.7694126 0
13485247.5 3689893.49046324 0
13485175.5 3690212.18781183 1
13485306 3690401.84737526 1
13485381 3690748.25753678 0
13485919.5 3691220.24138184 1
13486425 3691570.98167037 1
13486660.5 3691161.35165438 0
13487455.5 3691589.16820385 1
13488801 3691657.58421075 0
13489548 3692059.4199981 1
13489543.5 3692311.43339061 1
13489963.5 3693260.59723316 0
13490653.5 3693766.35606896 1
13491337.5 3694005.37908041 1
13491693 3694562.23341504 0
13492483.5 3695195.29798521 1
13492801.5 3695271.50822074 0
13492693.5 3694925.09805923 1
13493631 3694848.02179829 0
13494724.5 3695164.12107067 1
13494721.5 3695302.68513528 0
13494595.5 3695988.57725508 0
13495045.5 3696431.98226181 1
13495065 3697149.91732155 0
13495084.5 3697152.51539776 0
13495195.5 3697178.49615988 0
13495260 3697193.21859174 1
13495414.5 3697050.32440012 1
13495594.5 3697152.51539776 0
13495797 3697269.42882727 0
13495887 3697248.64421758 0
13495882.5 3696897.90392905 0
13496173.5 3696851.13855725 0
13496128.5 3695900.24266389 0
13496454 3695582.4113407 1
13496482.5 3695216.0825949 1
13497463.5 3695179.70952794 1
13497582 3695263.71399211 0
13498152 3695289.69475422 0
13498248 3695544.30622294 0
13498243.5 3695813.64012351 1
13498140 3695914.96509575 1
13499062.5 3696307.27460367 1
13499341.5 3695988.57725508 0
13500069 3696391.27906784 0
13500931.5 3696840.7462524 0
13501110 3696813.89946488 1
13501164 3696803.50716004 1
13501266 3696677.06745108 0
13501431 3696874.52124315 0
13501795.5 3697185.42436311 1
13502509.5 3697377.68200275 1
13502586 3697718.02998643 1
13502397 3698034.99528422 1
13503393 3698694.9066419 1
13503594 3698973.76682192 0
13503810 3698241.10933032 0
13504108.5 3698269.68816864 0
13504534.5 3698804.89186818 0
13504651.5 3698690.57651488 0
13504660.5 3698094.75103708 1
13504891.5 3697937.13441359 0
13505067 3698376.20929331 0
13505431.5 3698474.07016394 1
13506361.5 3698924.40337391 0
13507672.5 3700048.50434802 1
13508034 3700352.47926474 1
13512079.5 3703907.51354728 0
13510045.5 3705255.04907557 1
13506078 3708219.45403272 1
13504854 3708960.77177836 0
13502398.5 3712257.73049057 0
13498554 3717245.17079096 1
13494276 3721041.82616116 0
13482361.5 3730355.92937886 0
13481239.5 3731603.00596031 0
13480269 3732412.73971285 1
13482198 3733507.39582323 0
13483984.5 3735058.44732141 0
13484595 3735575.46448747 0
13489663.5 3739014.45136589 1
13492359 3741111.09886846 1
13493622 3742446.51004109 1
13495077 3743302.14314003 0
13497859.5 3744697.31006553 0
13498795.5 3745036.79202381 1
13501585.5 3745357.22142321 0
13504662 3745335.57078812 1
13508992.5 3744319.72298948 1
13511130 3742160.72165784 1
13512387 3740981.19505789 1
13512478.5 3740469.37404425 1
13513653 3739250.87630113 1
13513950 3738762.43797339 1
13514401.5 3738306.0425856 0
13514662.5 3738233.29645168 0
13515306 3737181.07558608 0
13515678 3735701.90419642 1
13516275 3734771.79291275 1
13516416 3734589.92757796 1
13517146.5 3733683.1989802 1
13517392.5 3733499.6015946 0
13518030 3733018.9574955 0
13518259.5 3732992.11070798 1
13518459 3732535.71532018 0
13519338 3732064.59750052 1
13520409 3731726.84759305 1
13521157.5 3731422.87267632 1
13522653 3731189.9118427 0
13523181 3731174.32338543 0
13523836.5 3730953.48690747 0
13524285 3730015.58139517 0
13524666 3728983.27911386 1
13524880.5 3728365.80300096 0
13525270.5 3728014.19668702 1
13525483.5 3728059.23000802 0
13525846.5 3728149.29665002 1
13526326.5 3728071.35436367 1
13527541.5 3727409.71095518 0
13530126 3726863.24892539 1
13532028 3725917.54918446 1
13532367 3725808.42998358 1
13532827.5 3725733.08577346 1
13533111 3725723.55949401 0
13533406.5 3725793.70755172 0
13534449 3726050.91709664 0
13535392.5 3726412.04969002 0
13535646 3726416.37981704 1
13537341 3725562.47876891 0
13538020.5 3725175.36541342 0
13548607.5 3720675.49741536 0
13549314 3720288.38405986 0
13549992 3720014.72003227 1
13551114 3719692.55858206 1
13553005.5 3718697.49539311 1
13554499.5 3718094.74171208 1
13562613 3714998.70089355 0
13565044.5 3713941.28387553 0
13565532 3713808.78198875 0
13568149.5 3713631.24678097 1
13569901.5 3713364.51095661 0
